,42,69,71,97,128,139,140,203,209,220,224,239,241,274,314,346,350,361,375,404,444,497,513,529,536,553,559,561,570,581,615,616,623,668,670,676,692,713,749,753,798,852,856,860,879,895,897,929,932,943,968,969,1024,1027,1029,1047,1088,1122,1133,1159,1173,1204,1209,1238,1244,1259,1277,1280,1315,1316,1320,1337,1349,1360,1376,1391,1405,1406,1429,1436,1486,1497,1503,1531,1555,1574,1578,1589,1594,1611,1623,1670,1680,1703,1709,1717,1780,1783,1806,1818,1825,1844,1874,1875,1878,1891,1901,1906,1915,1924,1930,1941,1967,1970,1976,2003,2014,2026,2044,2060,2068,2073,2075,2078,2098,2105,2114,2136,2139,2169,2183,2189,2202,2204,2216,2241,2268,2295,2296,2336,2348,2353,2354,2363,2408,2417,2419
42,1.000,0.621,0.635,0.140,0.114,0.309,0.145,0.415,0.444,0.389,0.293,0.671,0.357,0.217,0.356,0.316,0.244,0.121,0.142,0.297,0.243,0.180,0.144,0.236,0.643,0.501,0.097,0.561,0.438,0.274,0.165,0.574,0.290,0.305,0.063,0.090,0.224,0.295,0.533,0.373,0.726,0.266,0.501,0.411,0.111,0.325,0.627,0.228,0.425,0.603,0.682,0.341,0.260,0.654,0.044,0.115,0.599,0.264,0.321,0.245,0.561,0.625,0.249,0.304,0.239,0.302,0.063,0.258,0.419,0.691,0.222,0.413,0.510,0.246,0.554,0.643,0.200,0.341,0.267,0.151,0.370,0.330,0.378,0.287,0.286,0.672,0.256,0.505,0.489,0.535,0.254,0.485,0.150,0.121,0.291,0.070,0.638,0.000,0.165,0.053,0.376,0.301,0.305,0.059,0.086,0.162,0.294,0.000,0.791,0.223,0.394,0.555,0.167,0.260,0.320,0.327,0.050,0.074,0.087,0.122,0.292,0.000,0.000,0.000,0.000,0.000,0.000,0.000,0.000,0.000,0.000,0.000,0.000,0.000,0.000,0.000,0.000,0.000,0.000,0.000,0.000,0.000,0.000,0.000,0.000,0.000,0.000
69,0.621,1.000,0.791,0.234,0.179,0.408,0.215,0.582,0.617,0.568,0.397,0.746,0.487,0.331,0.483,0.429,0.348,0.175,0.241,0.405,0.338,0.281,0.260,0.319,0.709,0.691,0.173,0.738,0.613,0.371,0.246,0.386,0.386,0.425,0.093,0.143,0.341,0.415,0.638,0.525,0.513,0.367,0.332,0.602,0.183,0.439,0.820,0.290,0.615,0.594,0.431,0.499,0.333,0.438,0.064,0.209,0.364,0.377,0.446,0.341,0.323,0.419,0.331,0.411,0.347,0.387,0.075,0.346,0.585,0.520,0.309,0.314,0.738,0.347,0.363,0.474,0.283,0.452,0.195,0.168,0.512,0.259,0.534,0.440,0.387,0.451,0.370,0.356,0.624,0.469,0.350,0.679,0.247,0.190,0.376,0.103,0.492,0.000,0.212,0.077,0.522,0.425,0.441,0.087,0.159,0.269,0.424,0.000,0.584,0.307,0.569,0.664,0.276,0.329,0.423,0.456,0.074,0.132,0.139,0.215,0.407,0.000,0.000,0.000,0.000,0.000,0.000,0.000,0.000,0.000,0.000,0.000,0.000,0.000,0.000,0.000,0.000,0.000,0.000,0.000,0.000,0.000,0.000,0.000,0.000,0.000,0.000
71,0.635,0.791,1.000,0.170,0.145,0.386,0.172,0.533,0.560,0.496,0.351,0.762,0.430,0.256,0.419,0.381,0.308,0.153,0.212,0.367,0.283,0.230,0.200,0.277,0.700,0.631,0.123,0.700,0.549,0.324,0.201,0.411,0.324,0.358,0.066,0.105,0.244,0.370,0.687,0.455,0.516,0.324,0.331,0.526,0.150,0.359,0.811,0.259,0.538,0.630,0.447,0.409,0.319,0.464,0.060,0.169,0.375,0.327,0.387,0.304,0.328,0.449,0.297,0.350,0.266,0.314,0.084,0.309,0.524,0.524,0.266,0.320,0.653,0.287,0.374,0.462,0.210,0.422,0.196,0.186,0.453,0.265,0.452,0.379,0.349,0.471,0.320,0.373,0.624,0.518,0.301,0.594,0.175,0.137,0.348,0.081,0.521,0.000,0.162,0.075,0.440,0.352,0.352,0.056,0.115,0.193,0.366,0.000,0.591,0.269,0.475,0.692,0.215,0.322,0.394,0.434,0.042,0.129,0.131,0.176,0.346,0.000,0.000,0.000,0.000,0.000,0.000,0.000,0.000,0.000,0.000,0.000,0.000,0.000,0.000,0.000,0.000,0.000,0.000,0.000,0.000,0.000,0.000,0.000,0.000,0.000,0.000
97,0.140,0.234,0.170,1.000,0.174,0.151,0.351,0.307,0.197,0.191,0.401,0.119,0.374,0.574,0.329,0.317,0.368,0.229,0.675,0.244,0.412,0.630,0.524,0.250,0.174,0.188,0.173,0.171,0.163,0.334,0.272,0.080,0.395,0.194,0.219,0.178,0.537,0.379,0.131,0.280,0.126,0.342,0.111,0.186,0.377,0.276,0.181,0.200,0.208,0.148,0.101,0.197,0.290,0.145,0.270,0.381,0.086,0.313,0.176,0.458,0.101,0.131,0.231,0.398,0.374,0.170,0.355,0.189,0.240,0.130,0.321,0.060,0.270,0.400,0.084,0.172,0.360,0.199,0.052,0.220,0.183,0.073,0.149,0.282,0.250,0.101,0.513,0.108,0.234,0.157,0.370,0.324,0.724,0.243,0.111,0.163,0.083,0.000,0.250,0.186,0.214,0.399,0.302,0.289,0.452,0.317,0.319,0.000,0.170,0.531,0.312,0.143,0.716,0.239,0.202,0.116,0.212,0.244,0.168,0.428,0.229,0.000,0.000,0.000,0.000,0.000,0.000,0.000,0.000,0.000,0.000,0.000,0.000,0.000,0.000,0.000,0.000,0.000,0.000,0.000,0.000,0.000,0.000,0.000,0.000,0.000,0.000
128,0.114,0.179,0.145,0.174,1.000,0.152,0.748,0.218,0.124,0.210,0.337,0.068,0.251,0.503,0.170,0.137,0.324,0.840,0.346,0.193,0.405,0.491,0.352,0.161,0.168,0.148,0.664,0.103,0.170,0.281,0.289,0.071,0.302,0.113,0.099,0.576,0.509,0.319,0.074,0.278,0.115,0.359,0.080,0.161,0.514,0.220,0.167,0.377,0.245,0.094,0.130,0.333,0.210,0.132,0.286,0.627,0.054,0.252,0.130,0.304,0.093,0.097,0.177,0.289,0.264,0.315,0.101,0.301,0.150,0.116,0.331,0.050,0.218,0.223,0.073,0.111,0.402,0.176,0.031,0.385,0.158,0.056,0.251,0.077,0.246,0.081,0.293,0.067,0.167,0.131,0.193,0.252,0.418,0.321,0.263,0.388,0.139,0.000,0.091,0.236,0.156,0.273,0.198,0.050,0.375,0.278,0.133,0.000,0.123,0.256,0.271,0.094,0.363,0.214,0.117,0.136,0.041,0.377,0.482,0.646,0.216,0.000,0.000,0.000,0.000,0.000,0.000,0.000,0.000,0.000,0.000,0.000,0.000,0.000,0.000,0.000,0.000,0.000,0.000,0.000,0.000,0.000,0.000,0.000,0.000,0.000,0.000
139,0.309,0.408,0.386,0.151,0.152,1.000,0.261,0.482,0.497,0.524,0.480,0.350,0.665,0.222,0.518,0.633,0.357,0.146,0.117,0.664,0.372,0.115,0.163,0.458,0.359,0.331,0.172,0.390,0.351,0.446,0.189,0.200,0.596,0.397,0.173,0.188,0.231,0.630,0.246,0.605,0.244,0.535,0.150,0.525,0.200,0.657,0.407,0.449,0.485,0.273,0.212,0.449,0.515,0.247,0.151,0.184,0.188,0.492,0.331,0.339,0.160,0.203,0.574,0.446,0.431,0.575,0.139,0.437,0.497,0.276,0.315,0.145,0.495,0.503,0.191,0.263,0.223,0.644,0.087,0.173,0.360,0.119,0.280,0.480,0.668,0.218,0.374,0.165,0.356,0.243,0.528,0.656,0.191,0.064,0.418,0.147,0.221,0.000,0.132,0.122,0.254,0.344,0.466,0.202,0.084,0.176,0.611,0.000,0.269,0.260,0.550,0.203,0.165,0.595,0.334,0.357,0.175,0.164,0.156,0.144,0.480,0.000,0.000,0.000,0.000,0.000,0.000,0.000,0.000,0.000,0.000,0.000,0.000,0.000,0.000,0.000,0.000,0.000,0.000,0.000,0.000,0.000,0.000,0.000,0.000,0.000,0.000
140,0.145,0.215,0.172,0.351,0.748,0.261,1.000,0.235,0.183,0.219,0.404,0.087,0.313,0.517,0.184,0.251,0.390,0.690,0.347,0.264,0.444,0.450,0.477,0.229,0.181,0.185,0.690,0.107,0.186,0.260,0.574,0.087,0.366,0.153,0.434,0.707,0.617,0.385,0.128,0.287,0.126,0.336,0.100,0.166,0.690,0.230,0.204,0.452,0.220,0.147,0.143,0.361,0.219,0.149,0.299,0.706,0.060,0.342,0.171,0.342,0.107,0.103,0.180,0.363,0.430,0.342,0.312,0.291,0.222,0.140,0.373,0.059,0.250,0.286,0.074,0.146,0.518,0.192,0.043,0.339,0.203,0.078,0.276,0.153,0.300,0.091,0.327,0.094,0.218,0.130,0.296,0.298,0.567,0.270,0.253,0.501,0.139,0.000,0.101,0.362,0.172,0.317,0.282,0.406,0.281,0.176,0.251,0.000,0.155,0.319,0.279,0.107,0.521,0.272,0.190,0.172,0.345,0.565,0.674,0.630,0.197,0.000,0.000,0.000,0.000,0.000,0.000,0.000,0.000,0.000,0.000,0.000,0.000,0.000,0.000,0.000,0.000,0.000,0.000,0.000,0.000,0.000,0.000,0.000,0.000,0.000,0.000
203,0.415,0.582,0.533,0.307,0.218,0.482,0.235,1.000,0.679,0.651,0.476,0.552,0.595,0.380,0.551,0.492,0.380,0.221,0.291,0.477,0.380,0.341,0.287,0.335,0.523,0.487,0.184,0.562,0.603,0.464,0.257,0.267,0.476,0.513,0.091,0.136,0.376,0.502,0.324,0.647,0.382,0.424,0.253,0.709,0.189,0.484,0.571,0.334,0.621,0.332,0.323,0.567,0.420,0.362,0.034,0.241,0.282,0.454,0.583,0.433,0.216,0.295,0.396,0.514,0.363,0.459,0.130,0.394,0.748,0.403,0.361,0.217,0.663,0.384,0.263,0.352,0.317,0.577,0.143,0.282,0.537,0.178,0.450,0.482,0.463,0.318,0.449,0.236,0.456,0.361,0.446,0.762,0.278,0.190,0.445,0.132,0.337,0.000,0.283,0.037,0.461,0.511,0.500,0.073,0.190,0.283,0.520,0.000,0.405,0.404,0.682,0.362,0.328,0.441,0.528,0.512,0.057,0.143,0.177,0.257,0.503,0.000,0.000,0.000,0.000,0.000,0.000,0.000,0.000,0.000,0.000,0.000,0.000,0.000,0.000,0.000,0.000,0.000,0.000,0.000,0.000,0.000,0.000,0.000,0.000,0.000,0.000
209,0.444,0.617,0.560,0.197,0.124,0.497,0.183,0.679,1.000,0.656,0.431,0.577,0.555,0.313,0.553,0.509,0.359,0.157,0.211,0.500,0.301,0.230,0.259,0.346,0.546,0.549,0.147,0.632,0.653,0.410,0.250,0.287,0.481,0.489,0.076,0.067,0.306,0.454,0.397,0.611,0.379,0.404,0.243,0.721,0.144,0.480,0.615,0.298,0.600,0.356,0.322,0.571,0.382,0.344,0.024,0.191,0.294,0.421,0.546,0.334,0.227,0.299,0.385,0.473,0.377,0.445,0.095,0.423,0.709,0.424,0.321,0.239,0.684,0.408,0.279,0.349,0.284,0.561,0.150,0.193,0.573,0.181,0.518,0.468,0.430,0.337,0.387,0.245,0.472,0.373,0.390,0.752,0.199,0.169,0.401,0.099,0.341,0.000,0.218,0.073,0.507,0.460,0.528,0.075,0.110,0.239,0.495,0.000,0.412,0.308,0.633,0.430,0.263,0.345,0.550,0.534,0.058,0.094,0.106,0.142,0.457,0.000,0.000,0.000,0.000,0.000,0.000,0.000,0.000,0.000,0.000,0.000,0.000,0.000,0.000,0.000,0.000,0.000,0.000,0.000,0.000,0.000,0.000,0.000,0.000,0.000,0.000
220,0.389,0.568,0.496,0.191,0.210,0.524,0.219,0.651,0.656,1.000,0.472,0.496,0.631,0.329,0.586,0.538,0.423,0.221,0.209,0.561,0.394,0.278,0.261,0.423,0.489,0.478,0.187,0.546,0.528,0.442,0.252,0.254,0.487,0.539,0.029,0.132,0.320,0.497,0.314,0.687,0.363,0.464,0.216,0.778,0.210,0.569,0.538,0.358,0.567,0.331,0.287,0.634,0.434,0.335,0.092,0.204,0.255,0.468,0.540,0.408,0.211,0.276,0.419,0.531,0.396,0.543,0.121,0.468,0.672,0.397,0.386,0.208,0.660,0.433,0.259,0.325,0.243,0.634,0.130,0.222,0.461,0.151,0.426,0.571,0.526,0.296,0.451,0.222,0.403,0.346,0.487,0.788,0.202,0.201,0.494,0.096,0.312,0.000,0.197,0.119,0.402,0.550,0.538,0.068,0.234,0.304,0.537,0.000,0.375,0.336,0.722,0.311,0.217,0.461,0.545,0.556,0.024,0.114,0.116,0.225,0.584,0.000,0.000,0.000,0.000,0.000,0.000,0.000,0.000,0.000,0.000,0.000,0.000,0.000,0.000,0.000,0.000,0.000,0.000,0.000,0.000,0.000,0.000,0.000,0.000,0.000,0.000
224,0.293,0.397,0.351,0.401,0.337,0.480,0.404,0.476,0.431,0.472,1.000,0.270,0.725,0.646,0.512,0.529,0.744,0.329,0.471,0.519,0.767,0.569,0.505,0.643,0.358,0.379,0.301,0.390,0.352,0.843,0.456,0.176,0.642,0.316,0.197,0.281,0.629,0.627,0.235,0.583,0.256,0.725,0.162,0.416,0.366,0.575,0.378,0.671,0.441,0.271,0.218,0.490,0.563,0.243,0.029,0.408,0.162,0.437,0.317,0.770,0.131,0.207,0.623,0.479,0.687,0.660,0.113,0.489,0.469,0.254,0.671,0.143,0.466,0.713,0.166,0.276,0.584,0.530,0.084,0.394,0.329,0.128,0.329,0.336,0.621,0.204,0.820,0.171,0.402,0.255,0.523,0.624,0.469,0.423,0.385,0.231,0.228,0.000,0.534,0.103,0.392,0.454,0.425,0.125,0.285,0.567,0.683,0.000,0.287,0.677,0.604,0.203,0.546,0.635,0.292,0.347,0.157,0.225,0.263,0.394,0.479,0.000,0.000,0.000,0.000,0.000,0.000,0.000,0.000,0.000,0.000,0.000,0.000,0.000,0.000,0.000,0.000,0.000,0.000,0.000,0.000,0.000,0.000,0.000,0.000,0.000,0.000
239,0.671,0.746,0.762,0.119,0.068,0.350,0.087,0.552,0.577,0.496,0.270,1.000,0.396,0.188,0.400,0.354,0.227,0.074,0.140,0.347,0.210,0.162,0.155,0.227,0.770,0.603,0.043,0.665,0.576,0.259,0.147,0.432,0.297,0.375,0.047,0.049,0.190,0.292,0.626,0.444,0.554,0.245,0.358,0.550,0.090,0.344,0.772,0.184,0.529,0.660,0.479,0.419,0.261,0.475,0.009,0.066,0.420,0.307,0.432,0.224,0.382,0.493,0.247,0.335,0.223,0.308,0.022,0.296,0.540,0.559,0.200,0.334,0.639,0.218,0.419,0.453,0.159,0.420,0.225,0.136,0.475,0.258,0.476,0.412,0.298,0.507,0.238,0.378,0.578,0.572,0.265,0.593,0.112,0.126,0.329,0.068,0.557,0.000,0.175,0.009,0.454,0.319,0.383,0.032,0.079,0.174,0.333,0.000,0.634,0.201,0.476,0.643,0.152,0.281,0.417,0.396,0.052,0.031,0.062,0.109,0.347,0.000,0.000,0.000,0.000,0.000,0.000,0.000,0.000,0.000,0.000,0.000,0.000,0.000,0.000,0.000,0.000,0.000,0.000,0.000,0.000,0.000,0.000,0.000,0.000,0.000,0.000
241,0.357,0.487,0.430,0.374,0.251,0.665,0.313,0.595,0.555,0.631,0.725,0.396,1.000,0.564,0.616,0.716,0.612,0.250,0.408,0.735,0.616,0.419,0.410,0.540,0.434,0.428,0.200,0.490,0.434,0.678,0.370,0.210,0.707,0.506,0.166,0.196,0.513,0.676,0.299,0.704,0.306,0.638,0.186,0.571,0.318,0.660,0.465,0.495,0.557,0.293,0.264,0.576,0.583,0.302,0.111,0.292,0.218,0.585,0.347,0.602,0.174,0.237,0.636,0.572,0.556,0.686,0.108,0.494,0.577,0.329,0.517,0.177,0.573,0.618,0.223,0.324,0.490,0.719,0.105,0.339,0.435,0.141,0.336,0.497,0.687,0.261,0.620,0.207,0.407,0.318,0.589,0.770,0.407,0.330,0.484,0.101,0.279,0.000,0.393,0.137,0.408,0.487,0.523,0.113,0.252,0.481,0.707,0.000,0.338,0.554,0.734,0.238,0.439,0.621,0.414,0.461,0.131,0.199,0.205,0.334,0.607,0.000,0.000,0.000,0.000,0.000,0.000,0.000,0.000,0.000,0.000,0.000,0.000,0.000,0.000,0.000,0.000,0.000,0.000,0.000,0.000,0.000,0.000,0.000,0.000,0.000,0.000
274,0.217,0.331,0.256,0.574,0.503,0.222,0.517,0.380,0.313,0.329,0.646,0.188,0.564,1.000,0.409,0.369,0.634,0.518,0.668,0.334,0.693,0.661,0.570,0.460,0.282,0.283,0.403,0.315,0.283,0.599,0.535,0.130,0.557,0.338,0.097,0.313,0.791,0.537,0.204,0.479,0.186,0.498,0.139,0.296,0.462,0.412,0.298,0.456,0.390,0.173,0.175,0.472,0.400,0.211,0.160,0.542,0.128,0.389,0.272,0.646,0.140,0.169,0.434,0.490,0.511,0.514,0.261,0.369,0.379,0.210,0.539,0.099,0.358,0.609,0.127,0.227,0.732,0.350,0.067,0.480,0.272,0.104,0.268,0.299,0.420,0.151,0.626,0.139,0.299,0.247,0.466,0.487,0.657,0.532,0.225,0.207,0.171,0.000,0.508,0.211,0.346,0.452,0.412,0.116,0.449,0.577,0.473,0.000,0.213,0.740,0.494,0.189,0.710,0.385,0.216,0.307,0.007,0.373,0.342,0.532,0.409,0.000,0.000,0.000,0.000,0.000,0.000,0.000,0.000,0.000,0.000,0.000,0.000,0.000,0.000,0.000,0.000,0.000,0.000,0.000,0.000,0.000,0.000,0.000,0.000,0.000,0.000
314,0.356,0.483,0.419,0.329,0.170,0.518,0.184,0.551,0.553,0.586,0.512,0.400,0.616,0.409,1.000,0.545,0.456,0.160,0.288,0.521,0.428,0.349,0.321,0.388,0.415,0.410,0.152,0.472,0.496,0.515,0.231,0.204,0.544,0.594,0.113,0.090,0.384,0.503,0.268,0.687,0.305,0.525,0.182,0.612,0.212,0.559,0.461,0.300,0.524,0.274,0.231,0.558,0.456,0.262,0.018,0.221,0.208,0.474,0.361,0.461,0.177,0.239,0.442,0.572,0.405,0.473,0.091,0.487,0.481,0.322,0.367,0.176,0.515,0.508,0.215,0.278,0.366,0.616,0.113,0.269,0.413,0.148,0.319,0.529,0.499,0.258,0.452,0.196,0.407,0.308,0.463,0.765,0.348,0.277,0.559,0.093,0.267,0.000,0.261,0.008,0.359,0.546,0.577,0.105,0.216,0.345,0.531,0.000,0.309,0.402,0.680,0.218,0.301,0.436,0.448,0.459,0.137,0.067,0.048,0.258,0.534,0.000,0.000,0.000,0.000,0.000,0.000,0.000,0.000,0.000,0.000,0.000,0.000,0.000,0.000,0.000,0.000,0.000,0.000,0.000,0.000,0.000,0.000,0.000,0.000,0.000,0.000
346,0.316,0.429,0.381,0.317,0.137,0.633,0.251,0.492,0.509,0.538,0.529,0.354,0.716,0.369,0.545,1.000,0.467,0.160,0.299,0.660,0.399,0.315,0.263,0.418,0.390,0.366,0.138,0.420,0.329,0.465,0.290,0.178,0.644,0.481,0.206,0.163,0.364,0.600,0.238,0.642,0.262,0.475,0.166,0.525,0.170,0.581,0.409,0.361,0.499,0.260,0.219,0.513,0.483,0.260,0.125,0.187,0.196,0.530,0.265,0.472,0.170,0.214,0.479,0.532,0.408,0.563,0.066,0.511,0.537,0.299,0.356,0.154,0.482,0.511,0.190,0.328,0.336,0.602,0.101,0.286,0.342,0.129,0.258,0.458,0.651,0.221,0.475,0.174,0.390,0.316,0.569,0.675,0.327,0.237,0.427,0.130,0.255,0.000,0.292,0.157,0.276,0.399,0.464,0.121,0.096,0.292,0.653,0.000,0.289,0.387,0.614,0.149,0.340,0.549,0.396,0.425,0.164,0.103,0.188,0.224,0.560,0.000,0.000,0.000,0.000,0.000,0.000,0.000,0.000,0.000,0.000,0.000,0.000,0.000,0.000,0.000,0.000,0.000,0.000,0.000,0.000,0.000,0.000,0.000,0.000,0.000,0.000
350,0.244,0.348,0.308,0.368,0.324,0.357,0.390,0.380,0.359,0.423,0.744,0.227,0.612,0.634,0.456,0.467,1.000,0.257,0.370,0.425,0.654,0.476,0.468,0.534,0.315,0.326,0.342,0.325,0.288,0.739,0.511,0.150,0.536,0.358,0.170,0.295,0.661,0.515,0.198,0.462,0.210,0.571,0.133,0.356,0.324,0.444,0.333,0.413,0.413,0.191,0.179,0.461,0.475,0.208,0.037,0.367,0.153,0.414,0.285,0.691,0.119,0.170,0.533,0.447,0.559,0.499,0.193,0.422,0.425,0.195,0.598,0.112,0.390,0.592,0.143,0.234,0.583,0.456,0.067,0.381,0.279,0.119,0.284,0.269,0.474,0.176,0.719,0.135,0.341,0.225,0.494,0.532,0.464,0.414,0.282,0.217,0.192,0.000,0.374,0.128,0.334,0.349,0.326,0.227,0.301,0.504,0.587,0.000,0.225,0.631,0.552,0.158,0.425,0.521,0.272,0.337,0.200,0.303,0.278,0.427,0.483,0.000,0.000,0.000,0.000,0.000,0.000,0.000,0.000,0.000,0.000,0.000,0.000,0.000,0.000,0.000,0.000,0.000,0.000,0.000,0.000,0.000,0.000,0.000,0.000,0.000,0.000
361,0.121,0.175,0.153,0.229,0.840,0.146,0.690,0.221,0.157,0.221,0.329,0.074,0.250,0.518,0.160,0.160,0.257,1.000,0.318,0.205,0.357,0.490,0.371,0.193,0.171,0.155,0.504,0.116,0.127,0.262,0.281,0.074,0.349,0.100,0.202,0.291,0.466,0.337,0.093,0.281,0.107,0.361,0.085,0.166,0.523,0.236,0.171,0.400,0.234,0.114,0.132,0.318,0.226,0.127,0.297,0.660,0.053,0.271,0.130,0.294,0.089,0.095,0.146,0.317,0.245,0.347,0.123,0.236,0.163,0.138,0.364,0.048,0.214,0.238,0.058,0.129,0.423,0.160,0.038,0.327,0.155,0.045,0.228,0.074,0.287,0.077,0.325,0.060,0.165,0.126,0.185,0.248,0.423,0.228,0.258,0.291,0.140,0.000,0.086,0.411,0.181,0.282,0.226,0.047,0.408,0.215,0.158,0.000,0.124,0.201,0.253,0.078,0.399,0.158,0.091,0.132,0.027,0.246,0.490,0.622,0.199,0.000,0.000,0.000,0.000,0.000,0.000,0.000,0.000,0.000,0.000,0.000,0.000,0.000,0.000,0.000,0.000,0.000,0.000,0.000,0.000,0.000,0.000,0.000,0.000,0.000,0.000
375,0.142,0.241,0.212,0.675,0.346,0.117,0.347,0.291,0.211,0.209,0.471,0.140,0.408,0.668,0.288,0.299,0.370,0.318,1.000,0.293,0.525,0.676,0.502,0.244,0.188,0.241,0.257,0.211,0.207,0.383,0.352,0.067,0.385,0.166,0.040,0.284,0.577,0.397,0.154,0.310,0.143,0.397,0.107,0.167,0.298,0.274,0.197,0.296,0.228,0.143,0.111,0.254,0.313,0.152,0.181,0.377,0.099,0.273,0.178,0.469,0.097,0.148,0.243,0.404,0.380,0.234,0.150,0.275,0.264,0.143,0.342,0.073,0.301,0.374,0.091,0.187,0.387,0.235,0.055,0.327,0.145,0.072,0.167,0.227,0.278,0.111,0.496,0.109,0.253,0.196,0.384,0.347,0.595,0.447,0.135,0.161,0.107,0.000,0.372,0.153,0.237,0.414,0.301,0.016,0.315,0.397,0.338,0.000,0.175,0.537,0.339,0.168,0.700,0.278,0.154,0.157,0.004,0.324,0.257,0.407,0.218,0.000,0.000,0.000,0.000,0.000,0.000,0.000,0.000,0.000,0.000,0.000,0.000,0.000,0.000,0.000,0.000,0.000,0.000,0.000,0.000,0.000,0.000,0.000,0.000,0.000,0.000
404,0.297,0.405,0.367,0.244,0.193,0.664,0.264,0.477,0.500,0.561,0.519,0.347,0.735,0.334,0.521,0.660,0.425,0.205,0.293,1.000,0.425,0.296,0.284,0.421,0.371,0.369,0.204,0.418,0.353,0.470,0.280,0.180,0.579,0.416,0.094,0.189,0.378,0.600,0.262,0.631,0.257,0.540,0.148,0.516,0.206,0.584,0.392,0.392,0.447,0.261,0.208,0.473,0.504,0.249,0.060,0.229,0.197,0.564,0.312,0.398,0.160,0.201,0.495,0.504,0.416,0.586,0.091,0.444,0.504,0.290,0.412,0.147,0.485,0.484,0.188,0.284,0.345,0.617,0.083,0.227,0.373,0.115,0.275,0.466,0.582,0.220,0.436,0.154,0.371,0.243,0.547,0.652,0.283,0.194,0.381,0.055,0.247,0.000,0.235,0.132,0.335,0.397,0.436,0.102,0.147,0.315,0.609,0.000,0.285,0.338,0.598,0.185,0.308,0.484,0.340,0.377,0.106,0.154,0.106,0.252,0.499,0.000,0.000,0.000,0.000,0.000,0.000,0.000,0.000,0.000,0.000,0.000,0.000,0.000,0.000,0.000,0.000,0.000,0.000,0.000,0.000,0.000,0.000,0.000,0.000,0.000,0.000
444,0.243,0.338,0.283,0.412,0.405,0.372,0.444,0.380,0.301,0.394,0.767,0.210,0.616,0.693,0.428,0.399,0.654,0.357,0.525,0.425,1.000,0.526,0.549,0.487,0.299,0.286,0.362,0.314,0.303,0.704,0.513,0.142,0.498,0.288,0.200,0.389,0.619,0.566,0.200,0.452,0.216,0.555,0.143,0.310,0.375,0.521,0.313,0.564,0.369,0.228,0.174,0.414,0.453,0.196,0.170,0.443,0.141,0.390,0.248,0.638,0.115,0.160,0.480,0.463,0.530,0.486,0.151,0.442,0.344,0.222,0.655,0.112,0.390,0.555,0.139,0.219,0.545,0.397,0.074,0.435,0.239,0.099,0.293,0.280,0.514,0.164,0.635,0.159,0.315,0.214,0.467,0.517,0.500,0.468,0.354,0.276,0.167,0.000,0.493,0.211,0.361,0.370,0.365,0.165,0.313,0.664,0.465,0.000,0.247,0.607,0.526,0.194,0.529,0.496,0.240,0.289,0.202,0.298,0.294,0.448,0.422,0.000,0.000,0.000,0.000,0.000,0.000,0.000,0.000,0.000,0.000,0.000,0.000,0.000,0.000,0.000,0.000,0.000,0.000,0.000,0.000,0.000,0.000,0.000,0.000,0.000,0.000
497,0.180,0.281,0.230,0.630,0.491,0.115,0.450,0.341,0.230,0.278,0.569,0.162,0.419,0.661,0.349,0.315,0.476,0.490,0.676,0.296,0.526,1.000,0.575,0.371,0.222,0.240,0.265,0.244,0.215,0.469,0.426,0.094,0.439,0.184,0.141,0.256,0.679,0.420,0.142,0.395,0.167,0.429,0.118,0.219,0.424,0.328,0.229,0.299,0.332,0.162,0.138,0.353,0.360,0.188,0.148,0.411,0.096,0.315,0.186,0.594,0.107,0.159,0.247,0.445,0.392,0.326,0.140,0.316,0.297,0.176,0.490,0.082,0.304,0.408,0.097,0.169,0.449,0.243,0.054,0.416,0.207,0.083,0.251,0.235,0.304,0.122,0.586,0.097,0.296,0.189,0.349,0.395,0.566,0.430,0.301,0.166,0.139,0.000,0.451,0.093,0.233,0.472,0.344,0.048,0.423,0.419,0.397,0.000,0.195,0.598,0.410,0.153,0.755,0.331,0.174,0.159,0.040,0.178,0.192,0.562,0.327,0.000,0.000,0.000,0.000,0.000,0.000,0.000,0.000,0.000,0.000,0.000,0.000,0.000,0.000,0.000,0.000,0.000,0.000,0.000,0.000,0.000,0.000,0.000,0.000,0.000,0.000
513,0.144,0.260,0.200,0.524,0.352,0.163,0.477,0.287,0.259,0.261,0.505,0.155,0.410,0.570,0.321,0.263,0.468,0.371,0.502,0.284,0.549,0.575,1.000,0.317,0.208,0.228,0.320,0.182,0.189,0.454,0.461,0.097,0.325,0.203,0.220,0.230,0.609,0.463,0.137,0.306,0.146,0.383,0.112,0.152,0.474,0.266,0.212,0.352,0.254,0.172,0.129,0.291,0.224,0.130,0.116,0.540,0.089,0.372,0.165,0.403,0.075,0.116,0.167,0.319,0.425,0.337,0.201,0.237,0.261,0.165,0.412,0.064,0.280,0.380,0.086,0.141,0.353,0.249,0.048,0.264,0.275,0.088,0.187,0.268,0.288,0.113,0.493,0.113,0.265,0.171,0.289,0.349,0.584,0.332,0.159,0.245,0.112,0.000,0.351,0.248,0.260,0.328,0.305,0.239,0.476,0.472,0.402,0.000,0.155,0.522,0.318,0.153,0.685,0.190,0.254,0.153,0.254,0.246,0.231,0.450,0.261,0.000,0.000,0.000,0.000,0.000,0.000,0.000,0.000,0.000,0.000,0.000,0.000,0.000,0.000,0.000,0.000,0.000,0.000,0.000,0.000,0.000,0.000,0.000,0.000,0.000,0.000
529,0.236,0.319,0.277,0.250,0.161,0.458,0.229,0.335,0.346,0.423,0.643,0.227,0.540,0.460,0.388,0.418,0.534,0.193,0.244,0.421,0.487,0.371,0.317,1.000,0.306,0.284,0.125,0.348,0.255,0.540,0.332,0.152,0.519,0.272,0.083,0.070,0.448,0.514,0.188,0.472,0.193,0.599,0.120,0.365,0.206,0.479,0.286,0.465,0.351,0.166,0.157,0.354,0.520,0.181,0.181,0.158,0.131,0.320,0.255,0.500,0.096,0.167,0.484,0.321,0.557,0.586,0.073,0.402,0.391,0.209,0.490,0.111,0.364,0.521,0.139,0.198,0.378,0.440,0.055,0.252,0.253,0.086,0.208,0.274,0.518,0.171,0.611,0.125,0.312,0.159,0.470,0.486,0.273,0.249,0.293,0.103,0.182,0.000,0.428,0.124,0.315,0.358,0.397,0.067,0.187,0.373,0.547,0.000,0.216,0.524,0.451,0.153,0.352,0.525,0.192,0.313,0.074,0.083,0.111,0.213,0.424,0.000,0.000,0.000,0.000,0.000,0.000,0.000,0.000,0.000,0.000,0.000,0.000,0.000,0.000,0.000,0.000,0.000,0.000,0.000,0.000,0.000,0.000,0.000,0.000,0.000,0.000
536,0.643,0.709,0.700,0.174,0.168,0.359,0.181,0.523,0.546,0.489,0.358,0.770,0.434,0.282,0.415,0.390,0.315,0.171,0.188,0.371,0.299,0.222,0.208,0.306,1.000,0.558,0.144,0.645,0.517,0.354,0.211,0.416,0.370,0.372,0.065,0.110,0.282,0.381,0.562,0.440,0.521,0.344,0.349,0.530,0.146,0.376,0.699,0.278,0.539,0.638,0.464,0.416,0.312,0.436,0.064,0.156,0.416,0.327,0.383,0.327,0.362,0.486,0.298,0.356,0.300,0.375,0.071,0.314,0.536,0.532,0.311,0.316,0.595,0.316,0.401,0.469,0.250,0.409,0.209,0.168,0.467,0.255,0.444,0.372,0.342,0.490,0.333,0.387,0.537,0.568,0.297,0.584,0.199,0.186,0.295,0.088,0.525,0.000,0.216,0.077,0.479,0.342,0.339,0.085,0.126,0.240,0.370,0.000,0.618,0.276,0.474,0.587,0.214,0.316,0.391,0.389,0.074,0.106,0.105,0.179,0.347,0.000,0.000,0.000,0.000,0.000,0.000,0.000,0.000,0.000,0.000,0.000,0.000,0.000,0.000,0.000,0.000,0.000,0.000,0.000,0.000,0.000,0.000,0.000,0.000,0.000,0.000
553,0.501,0.691,0.631,0.188,0.148,0.331,0.185,0.487,0.549,0.478,0.379,0.603,0.428,0.283,0.410,0.366,0.326,0.155,0.241,0.369,0.286,0.240,0.228,0.284,0.558,1.000,0.134,0.646,0.504,0.312,0.214,0.330,0.332,0.311,0.086,0.125,0.301,0.362,0.565,0.416,0.438,0.323,0.266,0.480,0.148,0.378,0.656,0.284,0.494,0.488,0.353,0.391,0.288,0.352,0.030,0.158,0.298,0.299,0.399,0.303,0.249,0.350,0.319,0.371,0.273,0.341,0.056,0.264,0.496,0.425,0.302,0.252,0.642,0.320,0.293,0.393,0.233,0.392,0.170,0.176,0.463,0.239,0.475,0.372,0.366,0.375,0.316,0.281,0.522,0.361,0.322,0.580,0.201,0.176,0.305,0.043,0.402,0.000,0.168,0.073,0.471,0.402,0.397,0.056,0.123,0.237,0.359,0.000,0.467,0.275,0.481,0.604,0.260,0.317,0.358,0.391,0.053,0.121,0.135,0.189,0.339,0.000,0.000,0.000,0.000,0.000,0.000,0.000,0.000,0.000,0.000,0.000,0.000,0.000,0.000,0.000,0.000,0.000,0.000,0.000,0.000,0.000,0.000,0.000,0.000,0.000,0.000
559,0.097,0.173,0.123,0.173,0.664,0.172,0.690,0.184,0.147,0.187,0.301,0.043,0.200,0.403,0.152,0.138,0.342,0.504,0.257,0.204,0.362,0.265,0.320,0.125,0.144,0.134,1.000,0.073,0.188,0.224,0.417,0.071,0.277,0.101,0.203,0.680,0.454,0.268,0.056,0.224,0.086,0.292,0.066,0.137,0.443,0.166,0.151,0.369,0.209,0.085,0.120,0.308,0.133,0.130,0.146,0.641,0.065,0.215,0.202,0.317,0.064,0.091,0.109,0.264,0.255,0.243,0.374,0.232,0.149,0.099,0.380,0.044,0.208,0.244,0.057,0.092,0.384,0.122,0.024,0.272,0.165,0.065,0.156,0.106,0.216,0.084,0.277,0.066,0.182,0.120,0.161,0.227,0.364,0.280,0.101,0.285,0.108,0.000,0.115,0.146,0.102,0.193,0.172,0.465,0.288,0.219,0.181,0.000,0.114,0.255,0.235,0.115,0.310,0.222,0.177,0.071,0.244,0.553,0.368,0.565,0.141,0.000,0.000,0.000,0.000,0.000,0.000,0.000,0.000,0.000,0.000,0.000,0.000,0.000,0.000,0.000,0.000,0.000,0.000,0.000,0.000,0.000,0.000,0.000,0.000,0.000,0.000
561,0.561,0.738,0.700,0.171,0.103,0.390,0.107,0.562,0.632,0.546,0.390,0.665,0.490,0.315,0.472,0.420,0.325,0.116,0.211,0.418,0.314,0.244,0.182,0.348,0.645,0.646,0.073,1.000,0.610,0.381,0.205,0.351,0.403,0.425,0.039,0.046,0.311,0.427,0.585,0.520,0.461,0.373,0.294,0.571,0.095,0.405,0.701,0.282,0.570,0.487,0.382,0.456,0.346,0.416,0.012,0.103,0.346,0.345,0.461,0.327,0.275,0.371,0.361,0.423,0.321,0.418,0.025,0.385,0.611,0.461,0.316,0.278,0.694,0.348,0.327,0.432,0.273,0.490,0.180,0.170,0.503,0.226,0.533,0.380,0.398,0.418,0.347,0.308,0.566,0.409,0.337,0.669,0.182,0.201,0.340,0.041,0.445,0.000,0.273,0.044,0.537,0.428,0.401,0.006,0.140,0.285,0.416,0.000,0.521,0.333,0.530,0.583,0.217,0.377,0.411,0.436,0.003,0.047,0.085,0.133,0.418,0.000,0.000,0.000,0.000,0.000,0.000,0.000,0.000,0.000,0.000,0.000,0.000,0.000,0.000,0.000,0.000,0.000,0.000,0.000,0.000,0.000,0.000,0.000,0.000,0.000,0.000
570,0.438,0.613,0.549,0.163,0.170,0.351,0.186,0.603,0.653,0.528,0.352,0.576,0.434,0.283,0.496,0.329,0.288,0.127,0.207,0.353,0.303,0.215,0.189,0.255,0.517,0.504,0.188,0.610,1.000,0.331,0.215,0.282,0.357,0.397,0.062,0.173,0.290,0.337,0.418,0.470,0.390,0.316,0.231,0.608,0.191,0.347,0.604,0.249,0.588,0.339,0.318,0.455,0.310,0.329,0.014,0.136,0.283,0.336,0.472,0.257,0.251,0.292,0.276,0.383,0.280,0.367,0.062,0.338,0.593,0.418,0.268,0.228,0.665,0.278,0.268,0.331,0.272,0.398,0.140,0.159,0.543,0.180,0.581,0.422,0.331,0.328,0.295,0.243,0.425,0.320,0.295,0.657,0.173,0.257,0.331,0.073,0.364,0.000,0.234,0.008,0.561,0.368,0.401,0.087,0.112,0.222,0.355,0.000,0.408,0.250,0.533,0.463,0.223,0.309,0.465,0.498,0.063,0.128,0.109,0.200,0.361,0.000,0.000,0.000,0.000,0.000,0.000,0.000,0.000,0.000,0.000,0.000,0.000,0.000,0.000,0.000,0.000,0.000,0.000,0.000,0.000,0.000,0.000,0.000,0.000,0.000,0.000
581,0.274,0.371,0.324,0.334,0.281,0.446,0.260,0.464,0.410,0.442,0.843,0.259,0.678,0.599,0.515,0.465,0.739,0.262,0.383,0.470,0.704,0.469,0.454,0.540,0.354,0.312,0.224,0.381,0.331,1.000,0.390,0.162,0.652,0.365,0.076,0.133,0.550,0.607,0.207,0.532,0.235,0.682,0.143,0.394,0.261,0.515,0.356,0.496,0.430,0.208,0.194,0.471,0.536,0.232,0.013,0.317,0.163,0.359,0.293,0.758,0.120,0.180,0.579,0.448,0.610,0.562,0.043,0.462,0.442,0.244,0.646,0.129,0.417,0.642,0.160,0.245,0.573,0.503,0.072,0.398,0.309,0.125,0.314,0.296,0.573,0.191,0.710,0.161,0.338,0.236,0.479,0.582,0.372,0.411,0.334,0.129,0.208,0.000,0.534,0.101,0.377,0.411,0.339,0.033,0.219,0.566,0.640,0.000,0.259,0.648,0.575,0.185,0.415,0.587,0.247,0.308,0.084,0.151,0.193,0.333,0.442,0.000,0.000,0.000,0.000,0.000,0.000,0.000,0.000,0.000,0.000,0.000,0.000,0.000,0.000,0.000,0.000,0.000,0.000,0.000,0.000,0.000,0.000,0.000,0.000,0.000,0.000
615,0.165,0.246,0.201,0.272,0.289,0.189,0.574,0.257,0.250,0.252,0.456,0.147,0.370,0.535,0.231,0.290,0.511,0.281,0.352,0.280,0.513,0.426,0.461,0.332,0.211,0.214,0.417,0.205,0.215,0.390,1.000,0.089,0.326,0.207,0.345,0.475,0.612,0.389,0.139,0.311,0.141,0.217,0.094,0.183,0.395,0.233,0.224,0.366,0.210,0.115,0.137,0.394,0.267,0.150,0.072,0.374,0.083,0.362,0.140,0.453,0.066,0.102,0.193,0.383,0.518,0.389,0.263,0.229,0.321,0.154,0.462,0.071,0.282,0.377,0.090,0.150,0.468,0.189,0.046,0.226,0.144,0.093,0.216,0.177,0.250,0.112,0.422,0.099,0.250,0.146,0.315,0.334,0.354,0.322,0.238,0.418,0.106,0.000,0.439,0.228,0.217,0.293,0.361,0.398,0.119,0.334,0.362,0.000,0.153,0.511,0.335,0.102,0.432,0.264,0.191,0.190,0.345,0.355,0.522,0.285,0.263,0.000,0.000,0.000,0.000,0.000,0.000,0.000,0.000,0.000,0.000,0.000,0.000,0.000,0.000,0.000,0.000,0.000,0.000,0.000,0.000,0.000,0.000,0.000,0.000,0.000,0.000
616,0.574,0.386,0.411,0.080,0.071,0.200,0.087,0.267,0.287,0.254,0.176,0.432,0.210,0.130,0.204,0.178,0.150,0.074,0.067,0.180,0.142,0.094,0.097,0.152,0.416,0.330,0.071,0.351,0.282,0.162,0.089,1.000,0.169,0.170,0.045,0.049,0.121,0.180,0.345,0.223,0.617,0.159,0.779,0.270,0.087,0.189,0.407,0.129,0.278,0.381,0.526,0.209,0.155,0.435,0.031,0.084,0.729,0.158,0.215,0.148,0.540,0.546,0.162,0.176,0.132,0.180,0.034,0.152,0.273,0.519,0.134,0.503,0.329,0.165,0.777,0.411,0.109,0.199,0.352,0.079,0.250,0.638,0.254,0.178,0.180,0.757,0.148,0.551,0.310,0.359,0.151,0.304,0.088,0.072,0.146,0.041,0.408,0.000,0.078,0.018,0.253,0.173,0.177,0.042,0.082,0.113,0.190,0.000,0.519,0.136,0.241,0.358,0.097,0.172,0.194,0.210,0.036,0.051,0.050,0.094,0.186,0.000,0.000,0.000,0.000,0.000,0.000,0.000,0.000,0.000,0.000,0.000,0.000,0.000,0.000,0.000,0.000,0.000,0.000,0.000,0.000,0.000,0.000,0.000,0.000,0.000,0.000
623,0.290,0.386,0.324,0.395,0.302,0.596,0.366,0.476,0.481,0.487,0.642,0.297,0.707,0.557,0.544,0.644,0.536,0.349,0.385,0.579,0.498,0.439,0.325,0.519,0.370,0.332,0.277,0.403,0.357,0.652,0.326,0.169,1.000,0.389,0.167,0.175,0.472,0.643,0.252,0.599,0.241,0.674,0.152,0.461,0.361,0.589,0.410,0.425,0.474,0.209,0.216,0.479,0.583,0.275,0.138,0.348,0.175,0.478,0.286,0.599,0.149,0.199,0.613,0.543,0.592,0.669,0.171,0.526,0.505,0.273,0.503,0.139,0.454,0.623,0.175,0.275,0.522,0.567,0.084,0.297,0.342,0.138,0.336,0.408,0.693,0.212,0.553,0.160,0.330,0.258,0.560,0.630,0.422,0.354,0.353,0.087,0.251,0.000,0.400,0.174,0.286,0.431,0.470,0.179,0.229,0.404,0.644,0.000,0.273,0.487,0.581,0.212,0.459,0.586,0.277,0.293,0.115,0.198,0.185,0.355,0.534,0.000,0.000,0.000,0.000,0.000,0.000,0.000,0.000,0.000,0.000,0.000,0.000,0.000,0.000,0.000,0.000,0.000,0.000,0.000,0.000,0.000,0.000,0.000,0.000,0.000,0.000
668,0.305,0.425,0.358,0.194,0.113,0.397,0.153,0.513,0.489,0.539,0.316,0.375,0.506,0.338,0.594,0.481,0.358,0.100,0.166,0.416,0.288,0.184,0.203,0.272,0.372,0.311,0.101,0.425,0.397,0.365,0.207,0.170,0.389,1.000,0.078,0.100,0.306,0.422,0.237,0.629,0.252,0.335,0.160,0.519,0.132,0.434,0.394,0.194,0.470,0.235,0.222,0.480,0.316,0.257,0.024,0.124,0.200,0.422,0.356,0.316,0.153,0.211,0.317,0.487,0.264,0.382,0.123,0.347,0.486,0.282,0.299,0.152,0.485,0.308,0.185,0.264,0.297,0.532,0.098,0.231,0.370,0.137,0.257,0.397,0.347,0.223,0.335,0.168,0.295,0.283,0.325,0.662,0.214,0.236,0.468,0.102,0.226,0.000,0.272,0.014,0.341,0.394,0.456,0.116,0.175,0.252,0.399,0.000,0.275,0.337,0.590,0.173,0.173,0.345,0.380,0.446,0.094,0.097,0.069,0.170,0.446,0.000,0.000,0.000,0.000,0.000,0.000,0.000,0.000,0.000,0.000,0.000,0.000,0.000,0.000,0.000,0.000,0.000,0.000,0.000,0.000,0.000,0.000,0.000,0.000,0.000,0.000
670,0.063,0.093,0.066,0.219,0.099,0.173,0.434,0.091,0.076,0.029,0.197,0.047,0.166,0.097,0.113,0.206,0.170,0.202,0.040,0.094,0.200,0.141,0.220,0.083,0.065,0.086,0.203,0.039,0.062,0.076,0.345,0.045,0.167,0.078,1.000,0.267,0.269,0.148,0.058,0.107,0.061,0.035,0.033,0.096,0.438,0.029,0.089,0.200,0.029,0.101,0.043,0.084,0.092,0.046,0.098,0.352,0.022,0.174,0.074,0.175,0.029,0.016,0.104,0.215,0.194,0.078,0.041,0.023,0.131,0.051,0.224,0.031,0.110,0.201,0.027,0.066,0.274,0.063,0.023,0.016,0.081,0.021,0.060,0.070,0.118,0.033,0.079,0.037,0.088,0.005,0.050,0.120,0.249,0.083,0.206,0.436,0.061,0.000,0.030,0.051,0.044,0.080,0.174,0.539,0.047,0.009,0.128,0.000,0.073,0.109,0.054,0.040,0.190,0.152,0.140,0.023,0.816,0.038,0.499,0.296,0.072,0.000,0.000,0.000,0.000,0.000,0.000,0.000,0.000,0.000,0.000,0.000,0.000,0.000,0.000,0.000,0.000,0.000,0.000,0.000,0.000,0.000,0.000,0.000,0.000,0.000,0.000
676,0.090,0.143,0.105,0.178,0.576,0.188,0.707,0.136,0.067,0.132,0.281,0.049,0.196,0.313,0.090,0.163,0.295,0.291,0.284,0.189,0.389,0.256,0.230,0.070,0.110,0.125,0.680,0.046,0.173,0.133,0.475,0.049,0.175,0.100,0.267,1.000,0.405,0.190,0.071,0.182,0.083,0.181,0.057,0.128,0.379,0.121,0.123,0.360,0.126,0.095,0.096,0.243,0.080,0.106,0.189,0.379,0.029,0.233,0.115,0.219,0.078,0.066,0.172,0.249,0.333,0.197,0.210,0.235,0.155,0.072,0.258,0.041,0.180,0.135,0.057,0.065,0.305,0.115,0.024,0.336,0.109,0.058,0.210,0.102,0.205,0.062,0.188,0.076,0.156,0.106,0.195,0.196,0.379,0.218,0.170,0.458,0.092,0.000,0.054,0.169,0.103,0.173,0.168,0.410,0.205,0.121,0.149,0.000,0.099,0.237,0.220,0.100,0.259,0.308,0.154,0.124,0.306,0.524,0.505,0.474,0.126,0.000,0.000,0.000,0.000,0.000,0.000,0.000,0.000,0.000,0.000,0.000,0.000,0.000,0.000,0.000,0.000,0.000,0.000,0.000,0.000,0.000,0.000,0.000,0.000,0.000,0.000
692,0.224,0.341,0.244,0.537,0.509,0.231,0.617,0.376,0.306,0.320,0.629,0.190,0.513,0.791,0.384,0.364,0.661,0.466,0.577,0.378,0.619,0.679,0.609,0.448,0.282,0.301,0.454,0.311,0.290,0.550,0.612,0.121,0.472,0.306,0.269,0.405,1.000,0.512,0.169,0.467,0.187,0.491,0.133,0.264,0.459,0.393,0.270,0.433,0.364,0.173,0.171,0.498,0.441,0.192,0.089,0.503,0.113,0.413,0.260,0.575,0.131,0.154,0.377,0.525,0.569,0.481,0.264,0.334,0.389,0.198,0.588,0.094,0.343,0.506,0.126,0.225,0.700,0.321,0.061,0.390,0.269,0.103,0.283,0.296,0.352,0.156,0.616,0.125,0.312,0.217,0.441,0.469,0.611,0.471,0.256,0.296,0.175,0.000,0.489,0.168,0.338,0.461,0.389,0.252,0.365,0.487,0.456,0.000,0.214,0.714,0.475,0.152,0.654,0.386,0.244,0.263,0.216,0.364,0.397,0.560,0.381,0.000,0.000,0.000,0.000,0.000,0.000,0.000,0.000,0.000,0.000,0.000,0.000,0.000,0.000,0.000,0.000,0.000,0.000,0.000,0.000,0.000,0.000,0.000,0.000,0.000,0.000
713,0.295,0.415,0.370,0.379,0.319,0.630,0.385,0.502,0.454,0.497,0.627,0.292,0.676,0.537,0.503,0.600,0.515,0.337,0.397,0.600,0.566,0.420,0.463,0.514,0.381,0.362,0.268,0.427,0.337,0.607,0.389,0.180,0.643,0.422,0.148,0.190,0.512,1.000,0.239,0.592,0.242,0.601,0.166,0.463,0.308,0.594,0.380,0.497,0.492,0.228,0.211,0.494,0.505,0.273,0.125,0.401,0.186,0.444,0.310,0.512,0.155,0.189,0.489,0.534,0.488,0.606,0.173,0.427,0.509,0.287,0.478,0.142,0.474,0.576,0.180,0.298,0.415,0.584,0.081,0.238,0.362,0.143,0.330,0.410,0.623,0.218,0.585,0.168,0.340,0.286,0.485,0.639,0.375,0.234,0.343,0.175,0.220,0.000,0.359,0.170,0.312,0.440,0.476,0.096,0.292,0.357,0.615,0.000,0.287,0.516,0.584,0.188,0.467,0.532,0.343,0.337,0.089,0.235,0.256,0.342,0.550,0.000,0.000,0.000,0.000,0.000,0.000,0.000,0.000,0.000,0.000,0.000,0.000,0.000,0.000,0.000,0.000,0.000,0.000,0.000,0.000,0.000,0.000,0.000,0.000,0.000,0.000
749,0.533,0.638,0.687,0.131,0.074,0.246,0.128,0.324,0.397,0.314,0.235,0.626,0.299,0.204,0.268,0.238,0.198,0.093,0.154,0.262,0.200,0.142,0.137,0.188,0.562,0.565,0.056,0.585,0.418,0.207,0.139,0.345,0.252,0.237,0.058,0.071,0.169,0.239,1.000,0.270,0.431,0.183,0.271,0.309,0.117,0.233,0.653,0.143,0.376,0.530,0.360,0.239,0.196,0.362,0.045,0.123,0.303,0.206,0.274,0.189,0.286,0.382,0.219,0.226,0.195,0.224,0.045,0.211,0.330,0.424,0.148,0.266,0.471,0.215,0.301,0.378,0.166,0.262,0.165,0.100,0.324,0.224,0.389,0.223,0.242,0.387,0.173,0.310,0.493,0.396,0.232,0.402,0.158,0.123,0.192,0.034,0.424,0.000,0.142,0.081,0.365,0.231,0.275,0.035,0.052,0.157,0.252,0.000,0.490,0.187,0.286,0.618,0.164,0.207,0.227,0.275,0.019,0.099,0.098,0.117,0.235,0.000,0.000,0.000,0.000,0.000,0.000,0.000,0.000,0.000,0.000,0.000,0.000,0.000,0.000,0.000,0.000,0.000,0.000,0.000,0.000,0.000,0.000,0.000,0.000,0.000,0.000
753,0.373,0.525,0.455,0.280,0.278,0.605,0.287,0.647,0.611,0.687,0.583,0.444,0.704,0.479,0.687,0.642,0.462,0.281,0.310,0.631,0.452,0.395,0.306,0.472,0.440,0.416,0.224,0.520,0.470,0.532,0.311,0.223,0.599,0.629,0.107,0.182,0.467,0.592,0.270,1.000,0.312,0.558,0.201,0.656,0.215,0.639,0.501,0.468,0.593,0.321,0.282,0.589,0.552,0.324,0.073,0.284,0.230,0.590,0.412,0.448,0.206,0.263,0.562,0.620,0.480,0.628,0.118,0.522,0.612,0.355,0.413,0.183,0.577,0.531,0.231,0.333,0.418,0.675,0.119,0.335,0.450,0.162,0.350,0.534,0.586,0.275,0.521,0.211,0.441,0.332,0.560,0.812,0.278,0.268,0.567,0.181,0.299,0.000,0.322,0.060,0.379,0.557,0.577,0.087,0.195,0.348,0.658,0.000,0.338,0.442,0.758,0.220,0.348,0.551,0.439,0.505,0.066,0.181,0.176,0.272,0.642,0.000,0.000,0.000,0.000,0.000,0.000,0.000,0.000,0.000,0.000,0.000,0.000,0.000,0.000,0.000,0.000,0.000,0.000,0.000,0.000,0.000,0.000,0.000,0.000,0.000,0.000
798,0.726,0.513,0.516,0.126,0.115,0.244,0.126,0.382,0.379,0.363,0.256,0.554,0.306,0.186,0.305,0.262,0.210,0.107,0.143,0.257,0.216,0.167,0.146,0.193,0.521,0.438,0.086,0.461,0.390,0.235,0.141,0.617,0.241,0.252,0.061,0.083,0.187,0.242,0.431,0.312,1.000,0.229,0.574,0.356,0.099,0.256,0.532,0.184,0.354,0.484,0.670,0.305,0.212,0.556,0.040,0.103,0.635,0.227,0.280,0.212,0.675,0.679,0.212,0.249,0.211,0.254,0.030,0.219,0.361,0.675,0.192,0.421,0.440,0.207,0.583,0.545,0.152,0.289,0.287,0.119,0.341,0.357,0.325,0.271,0.243,0.725,0.220,0.523,0.406,0.445,0.222,0.418,0.139,0.129,0.232,0.069,0.523,0.000,0.137,0.050,0.320,0.262,0.256,0.034,0.082,0.170,0.260,0.000,0.678,0.180,0.344,0.432,0.158,0.228,0.271,0.276,0.048,0.053,0.089,0.125,0.256,0.000,0.000,0.000,0.000,0.000,0.000,0.000,0.000,0.000,0.000,0.000,0.000,0.000,0.000,0.000,0.000,0.000,0.000,0.000,0.000,0.000,0.000,0.000,0.000,0.000,0.000
852,0.266,0.367,0.324,0.342,0.359,0.535,0.336,0.424,0.404,0.464,0.725,0.245,0.638,0.498,0.525,0.475,0.571,0.361,0.397,0.540,0.555,0.429,0.383,0.599,0.344,0.323,0.292,0.373,0.316,0.682,0.217,0.159,0.674,0.335,0.035,0.181,0.491,0.601,0.183,0.558,0.229,1.000,0.139,0.404,0.315,0.551,0.359,0.508,0.442,0.229,0.197,0.395,0.529,0.243,0.141,0.289,0.151,0.381,0.261,0.612,0.121,0.195,0.546,0.427,0.597,0.616,0.082,0.475,0.425,0.231,0.550,0.121,0.438,0.572,0.163,0.246,0.456,0.513,0.075,0.369,0.341,0.114,0.318,0.317,0.621,0.199,0.666,0.153,0.371,0.211,0.534,0.572,0.369,0.264,0.337,0.079,0.222,0.000,0.320,0.148,0.348,0.450,0.397,0.031,0.314,0.455,0.588,0.000,0.268,0.484,0.542,0.189,0.410,0.621,0.206,0.288,0.030,0.177,0.145,0.375,0.410,0.000,0.000,0.000,0.000,0.000,0.000,0.000,0.000,0.000,0.000,0.000,0.000,0.000,0.000,0.000,0.000,0.000,0.000,0.000,0.000,0.000,0.000,0.000,0.000,0.000,0.000
856,0.501,0.332,0.331,0.111,0.080,0.150,0.100,0.253,0.243,0.216,0.162,0.358,0.186,0.139,0.182,0.166,0.133,0.085,0.107,0.148,0.143,0.118,0.112,0.120,0.349,0.266,0.066,0.294,0.231,0.143,0.094,0.779,0.152,0.160,0.033,0.057,0.133,0.166,0.271,0.201,0.574,0.139,1.000,0.223,0.071,0.163,0.344,0.122,0.233,0.308,0.514,0.192,0.121,0.391,0.032,0.090,0.719,0.149,0.180,0.139,0.524,0.512,0.118,0.167,0.123,0.148,0.047,0.126,0.235,0.490,0.119,0.468,0.285,0.135,0.735,0.375,0.115,0.173,0.330,0.099,0.210,0.641,0.203,0.162,0.148,0.713,0.151,0.528,0.266,0.277,0.142,0.270,0.115,0.055,0.144,0.052,0.335,0.000,0.098,0.040,0.209,0.175,0.167,0.027,0.062,0.102,0.156,0.000,0.457,0.134,0.228,0.286,0.122,0.117,0.171,0.160,0.020,0.056,0.067,0.086,0.156,0.000,0.000,0.000,0.000,0.000,0.000,0.000,0.000,0.000,0.000,0.000,0.000,0.000,0.000,0.000,0.000,0.000,0.000,0.000,0.000,0.000,0.000,0.000,0.000,0.000,0.000
860,0.411,0.602,0.526,0.186,0.161,0.525,0.166,0.709,0.721,0.778,0.416,0.550,0.571,0.296,0.612,0.525,0.356,0.166,0.167,0.516,0.310,0.219,0.152,0.365,0.530,0.480,0.137,0.571,0.608,0.394,0.183,0.270,0.461,0.519,0.096,0.128,0.264,0.463,0.309,0.656,0.356,0.404,0.223,1.000,0.155,0.531,0.578,0.320,0.565,0.330,0.312,0.599,0.397,0.352,0.081,0.161,0.279,0.439,0.625,0.344,0.236,0.289,0.434,0.485,0.329,0.494,0.054,0.453,0.751,0.408,0.289,0.215,0.682,0.406,0.279,0.350,0.246,0.602,0.144,0.175,0.523,0.165,0.465,0.567,0.471,0.314,0.387,0.234,0.437,0.378,0.396,0.790,0.217,0.167,0.488,0.101,0.349,0.000,0.181,0.046,0.424,0.494,0.532,0.078,0.189,0.250,0.514,0.000,0.408,0.284,0.715,0.341,0.175,0.434,0.629,0.586,0.064,0.067,0.093,0.189,0.524,0.000,0.000,0.000,0.000,0.000,0.000,0.000,0.000,0.000,0.000,0.000,0.000,0.000,0.000,0.000,0.000,0.000,0.000,0.000,0.000,0.000,0.000,0.000,0.000,0.000,0.000
