,31,40,73,102,127,151,156,162,174,198,237,336,406,465,474,554,601,605,620,626,643,663,691,701,703,743,794,831,908,924,942,948,1042,1043,1060,1088,1101,1119,1125,1151,1181,1206,1216,1227,1239,1279,1302,1306,1328,1336,1346,1363,1372,1408,1417,1420,1457,1500,1535,1560,1568,1574,1584,1640,1728,1750,1785,1817,1833,1843,1877,2038,2067,2144,2147
31,1.000,0.763,0.363,0.185,0.575,0.115,0.207,0.498,0.561,0.131,0.902,0.250,0.624,0.214,0.659,0.171,0.304,0.339,0.414,0.343,0.147,0.413,0.781,0.546,0.409,0.579,0.626,0.584,0.624,0.243,0.178,0.750,0.402,0.441,0.359,0.295,0.666,0.390,0.272,0.679,0.480,0.639,0.666,0.622,0.222,0.410,0.145,0.419,0.571,0.354,0.298,0.444,0.623,0.590,0.260,0.727,0.000,0.487,0.247,0.311,0.387,0.332,0.464,0.795,0.331,0.541,0.585,0.303,0.476,0.426,0.472,0.353,0.284,0.000,0.000
40,0.763,1.000,0.447,0.187,0.639,0.149,0.208,0.604,0.631,0.243,0.704,0.295,0.461,0.290,0.637,0.210,0.249,0.257,0.339,0.415,0.221,0.486,0.655,0.630,0.326,0.435,0.601,0.453,0.476,0.296,0.135,0.581,0.315,0.339,0.300,0.222,0.446,0.475,0.336,0.644,0.444,0.713,0.569,0.645,0.163,0.465,0.192,0.465,0.509,0.395,0.212,0.499,0.398,0.586,0.330,0.541,0.000,0.549,0.236,0.119,0.491,0.264,0.339,0.617,0.381,0.423,0.692,0.342,0.380,0.503,0.552,0.446,0.370,0.000,0.000
73,0.363,0.447,1.000,0.556,0.289,0.402,0.564,0.533,0.477,0.611,0.356,0.609,0.174,0.680,0.418,0.620,0.166,0.150,0.161,0.695,0.544,0.735,0.161,0.290,0.157,0.281,0.394,0.247,0.291,0.688,0.068,0.333,0.148,0.177,0.170,0.091,0.160,0.485,0.643,0.389,0.280,0.506,0.269,0.163,0.121,0.420,0.541,0.451,0.358,0.518,0.131,0.411,0.209,0.273,0.687,0.174,0.000,0.446,0.445,0.058,0.420,0.126,0.305,0.310,0.514,0.168,0.256,0.661,0.196,0.658,0.461,0.570,0.613,0.000,0.000
102,0.185,0.187,0.556,1.000,0.166,0.442,0.808,0.286,0.304,0.435,0.176,0.312,0.092,0.494,0.207,0.718,0.073,0.077,0.083,0.319,0.655,0.341,0.019,0.152,0.084,0.114,0.233,0.129,0.103,0.506,0.027,0.191,0.040,0.084,0.088,0.037,0.117,0.184,0.423,0.232,0.141,0.304,0.148,0.068,0.053,0.217,0.684,0.287,0.206,0.328,0.071,0.300,0.158,0.087,0.400,0.079,0.000,0.253,0.170,0.029,0.253,0.058,0.173,0.149,0.212,0.086,0.116,0.328,0.100,0.393,0.253,0.187,0.346,0.000,0.000
127,0.575,0.639,0.289,0.166,1.000,0.241,0.107,0.554,0.568,0.297,0.548,0.094,0.315,0.208,0.472,0.230,0.193,0.190,0.260,0.250,0.265,0.298,0.478,0.526,0.255,0.356,0.401,0.321,0.332,0.130,0.103,0.456,0.225,0.238,0.213,0.186,0.289,0.481,0.203,0.434,0.322,0.476,0.413,0.525,0.131,0.431,0.267,0.486,0.374,0.305,0.170,0.386,0.272,0.426,0.183,0.417,0.000,0.486,0.171,0.092,0.357,0.200,0.241,0.469,0.313,0.299,0.641,0.330,0.287,0.353,0.507,0.268,0.144,0.000,0.000
151,0.115,0.149,0.402,0.442,0.241,1.000,0.371,0.297,0.202,0.613,0.122,0.112,0.102,0.538,0.221,0.500,0.062,0.044,0.070,0.235,0.593,0.158,0.013,0.112,0.060,0.070,0.116,0.093,0.104,0.183,0.026,0.185,0.018,0.074,0.057,0.016,0.066,0.288,0.171,0.189,0.199,0.170,0.125,0.058,0.042,0.177,0.638,0.044,0.113,0.207,0.030,0.145,0.056,0.086,0.338,0.074,0.000,0.081,0.288,0.025,0.134,0.041,0.133,0.117,0.280,0.034,0.088,0.459,0.099,0.258,0.226,0.242,0.099,0.000,0.000
156,0.207,0.208,0.564,0.808,0.107,0.371,1.000,0.274,0.308,0.254,0.207,0.249,0.106,0.534,0.211,0.524,0.076,0.090,0.090,0.326,0.528,0.449,0.017,0.202,0.081,0.136,0.235,0.121,0.123,0.636,0.037,0.179,0.078,0.072,0.097,0.047,0.102,0.220,0.376,0.275,0.166,0.327,0.148,0.130,0.063,0.152,0.465,0.253,0.217,0.404,0.068,0.311,0.192,0.134,0.512,0.050,0.000,0.325,0.167,0.033,0.296,0.062,0.183,0.166,0.195,0.054,0.090,0.270,0.124,0.473,0.184,0.158,0.408,0.000,0.000
162,0.498,0.604,0.533,0.286,0.554,0.297,0.274,1.000,0.653,0.351,0.419,0.441,0.232,0.373,0.423,0.278,0.224,0.186,0.218,0.396,0.382,0.540,0.396,0.397,0.204,0.304,0.411,0.324,0.345,0.288,0.094,0.454,0.200,0.244,0.190,0.134,0.228,0.518,0.379,0.410,0.350,0.481,0.345,0.293,0.149,0.545,0.329,0.581,0.387,0.447,0.172,0.408,0.254,0.376,0.420,0.328,0.000,0.522,0.350,0.080,0.609,0.168,0.276,0.410,0.505,0.212,0.479,0.386,0.265,0.590,0.565,0.545,0.388,0.000,0.000
174,0.561,0.631,0.477,0.304,0.568,0.202,0.308,0.653,1.000,0.180,0.493,0.269,0.320,0.295,0.464,0.230,0.209,0.204,0.249,0.435,0.264,0.484,0.487,0.421,0.236,0.384,0.494,0.307,0.378,0.337,0.099,0.407,0.257,0.243,0.221,0.148,0.274,0.511,0.346,0.416,0.360,0.475,0.394,0.467,0.148,0.535,0.243,0.513,0.387,0.445,0.158,0.404,0.217,0.450,0.411,0.337,0.000,0.611,0.269,0.085,0.508,0.196,0.289,0.452,0.484,0.229,0.533,0.391,0.279,0.528,0.597,0.415,0.377,0.000,0.000
198,0.131,0.243,0.611,0.435,0.297,0.613,0.254,0.351,0.180,1.000,0.150,0.210,0.079,0.603,0.226,0.667,0.085,0.059,0.074,0.294,0.785,0.246,0.020,0.124,0.091,0.101,0.198,0.127,0.147,0.449,0.028,0.182,0.049,0.094,0.069,0.019,0.088,0.366,0.398,0.282,0.145,0.249,0.134,0.011,0.071,0.274,0.723,0.224,0.207,0.245,0.072,0.284,0.100,0.100,0.300,0.144,0.000,0.161,0.181,0.029,0.153,0.057,0.152,0.144,0.369,0.106,0.138,0.409,0.101,0.291,0.353,0.323,0.282,0.000,0.000
237,0.902,0.704,0.356,0.176,0.548,0.122,0.207,0.419,0.493,0.150,1.000,0.203,0.627,0.209,0.614,0.174,0.302,0.331,0.408,0.322,0.157,0.398,0.719,0.504,0.403,0.586,0.597,0.562,0.644,0.240,0.175,0.714,0.386,0.445,0.345,0.291,0.681,0.374,0.256,0.617,0.473,0.586,0.584,0.600,0.213,0.339,0.132,0.369,0.563,0.298,0.278,0.402,0.613,0.565,0.235,0.656,0.000,0.449,0.234,0.293,0.317,0.333,0.455,0.780,0.277,0.501,0.549,0.250,0.459,0.364,0.449,0.307,0.259,0.000,0.000
336,0.250,0.295,0.609,0.312,0.094,0.112,0.249,0.441,0.269,0.210,0.203,1.000,0.103,0.425,0.257,0.367,0.109,0.095,0.115,0.529,0.230,0.433,0.175,0.216,0.089,0.213,0.233,0.173,0.215,0.315,0.048,0.258,0.065,0.121,0.107,0.063,0.137,0.129,0.331,0.196,0.184,0.308,0.150,0.102,0.069,0.428,0.219,0.212,0.267,0.262,0.078,0.259,0.137,0.187,0.446,0.099,0.000,0.261,0.261,0.039,0.390,0.083,0.202,0.209,0.324,0.161,0.179,0.404,0.120,0.426,0.318,0.542,0.423,0.000,0.000
406,0.624,0.461,0.174,0.092,0.315,0.102,0.106,0.232,0.320,0.079,0.627,0.103,1.000,0.115,0.396,0.089,0.261,0.310,0.383,0.180,0.095,0.216,0.458,0.321,0.361,0.614,0.383,0.536,0.555,0.085,0.174,0.473,0.324,0.434,0.300,0.281,0.620,0.217,0.152,0.381,0.505,0.351,0.389,0.413,0.197,0.221,0.073,0.190,0.539,0.161,0.264,0.258,0.495,0.363,0.109,0.386,0.000,0.291,0.118,0.158,0.227,0.313,0.460,0.733,0.215,0.331,0.316,0.171,0.381,0.226,0.276,0.224,0.135,0.000,0.000
465,0.214,0.290,0.680,0.494,0.208,0.538,0.534,0.373,0.295,0.603,0.209,0.425,0.115,1.000,0.288,0.568,0.074,0.094,0.112,0.366,0.668,0.477,0.068,0.181,0.097,0.198,0.243,0.150,0.176,0.646,0.046,0.229,0.063,0.098,0.112,0.044,0.115,0.255,0.395,0.267,0.236,0.326,0.193,0.136,0.081,0.327,0.537,0.213,0.245,0.367,0.094,0.281,0.123,0.162,0.567,0.115,0.000,0.277,0.260,0.037,0.239,0.080,0.217,0.197,0.318,0.105,0.176,0.476,0.145,0.442,0.249,0.246,0.476,0.000,0.000
474,0.659,0.637,0.418,0.207,0.472,0.221,0.211,0.423,0.464,0.226,0.614,0.257,0.396,0.288,1.000,0.201,0.228,0.227,0.283,0.376,0.229,0.393,0.541,0.391,0.285,0.361,0.504,0.418,0.412,0.238,0.115,0.446,0.278,0.294,0.273,0.194,0.414,0.370,0.234,0.504,0.380,0.581,0.520,0.517,0.134,0.375,0.225,0.353,0.394,0.350,0.189,0.413,0.344,0.468,0.367,0.523,0.000,0.474,0.251,0.251,0.341,0.236,0.324,0.533,0.346,0.347,0.444,0.376,0.334,0.409,0.386,0.357,0.306,0.000,0.000
554,0.171,0.210,0.620,0.718,0.230,0.500,0.524,0.278,0.230,0.667,0.174,0.367,0.089,0.568,0.201,1.000,0.061,0.066,0.087,0.319,0.539,0.277,0.020,0.134,0.092,0.100,0.217,0.133,0.123,0.490,0.028,0.208,0.029,0.051,0.072,0.027,0.085,0.252,0.339,0.256,0.129,0.286,0.107,0.022,0.056,0.295,0.521,0.199,0.251,0.209,0.100,0.304,0.120,0.121,0.300,0.088,0.000,0.197,0.188,0.030,0.204,0.058,0.167,0.147,0.252,0.141,0.097,0.409,0.103,0.365,0.308,0.270,0.365,0.000,0.000
601,0.304,0.249,0.166,0.073,0.193,0.062,0.076,0.224,0.209,0.085,0.302,0.109,0.261,0.074,0.228,0.061,1.000,0.500,0.567,0.122,0.091,0.171,0.249,0.157,0.534,0.295,0.208,0.443,0.260,0.095,0.234,0.248,0.520,0.360,0.488,0.472,0.267,0.172,0.096,0.226,0.287,0.220,0.197,0.193,0.278,0.168,0.085,0.149,0.278,0.146,0.443,0.176,0.215,0.217,0.107,0.248,0.000,0.161,0.099,0.103,0.158,0.512,0.401,0.420,0.141,0.162,0.209,0.097,0.582,0.185,0.185,0.163,0.119,0.000,0.000
605,0.339,0.257,0.150,0.077,0.190,0.044,0.090,0.186,0.204,0.059,0.331,0.095,0.310,0.094,0.227,0.066,0.500,1.000,0.751,0.139,0.073,0.166,0.270,0.167,0.757,0.334,0.208,0.479,0.288,0.113,0.384,0.281,0.451,0.359,0.692,0.712,0.311,0.138,0.102,0.239,0.303,0.223,0.231,0.187,0.723,0.152,0.064,0.139,0.305,0.144,0.567,0.152,0.245,0.205,0.115,0.247,0.000,0.180,0.087,0.123,0.149,0.843,0.404,0.464,0.121,0.177,0.194,0.115,0.490,0.172,0.168,0.126,0.127,0.000,0.000
620,0.414,0.339,0.161,0.083,0.260,0.070,0.090,0.218,0.249,0.074,0.408,0.115,0.383,0.112,0.283,0.087,0.567,0.751,1.000,0.151,0.080,0.179,0.331,0.242,0.789,0.388,0.260,0.553,0.359,0.102,0.352,0.332,0.526,0.398,0.661,0.678,0.359,0.169,0.108,0.276,0.358,0.277,0.284,0.264,0.594,0.177,0.070,0.176,0.343,0.146,0.607,0.200,0.285,0.255,0.111,0.302,0.000,0.213,0.090,0.119,0.173,0.771,0.469,0.536,0.146,0.233,0.257,0.142,0.587,0.198,0.214,0.157,0.125,0.000,0.000
626,0.343,0.415,0.695,0.319,0.250,0.235,0.326,0.396,0.435,0.294,0.322,0.529,0.180,0.366,0.376,0.319,0.122,0.139,0.151,1.000,0.317,0.717,0.187,0.247,0.147,0.247,0.336,0.236,0.210,0.492,0.063,0.283,0.130,0.156,0.154,0.094,0.174,0.433,0.561,0.290,0.298,0.415,0.251,0.140,0.095,0.343,0.302,0.349,0.335,0.456,0.101,0.292,0.154,0.241,0.494,0.120,0.000,0.467,0.253,0.053,0.402,0.117,0.269,0.284,0.495,0.146,0.251,0.620,0.196,0.640,0.418,0.487,0.508,0.000,0.000
643,0.147,0.221,0.544,0.655,0.265,0.593,0.528,0.382,0.264,0.785,0.157,0.230,0.095,0.668,0.229,0.539,0.091,0.073,0.080,0.317,1.000,0.309,0.020,0.143,0.085,0.122,0.235,0.122,0.106,0.513,0.029,0.184,0.041,0.091,0.082,0.027,0.116,0.259,0.385,0.269,0.171,0.257,0.152,0.060,0.064,0.228,0.867,0.241,0.184,0.320,0.059,0.313,0.106,0.117,0.429,0.134,0.000,0.206,0.176,0.030,0.200,0.060,0.157,0.150,0.343,0.091,0.153,0.391,0.104,0.381,0.264,0.223,0.351,0.000,0.000
663,0.413,0.486,0.735,0.341,0.298,0.158,0.449,0.540,0.484,0.246,0.398,0.433,0.216,0.477,0.393,0.277,0.171,0.166,0.179,0.717,0.309,1.000,0.203,0.272,0.167,0.314,0.420,0.247,0.265,0.608,0.077,0.348,0.163,0.150,0.190,0.119,0.220,0.450,0.493,0.392,0.320,0.528,0.282,0.216,0.113,0.340,0.243,0.439,0.345,0.581,0.155,0.351,0.243,0.313,0.529,0.212,0.000,0.494,0.445,0.064,0.521,0.140,0.279,0.337,0.463,0.194,0.299,0.514,0.241,0.742,0.482,0.522,0.572,0.000,0.000
691,0.781,0.655,0.161,0.019,0.478,0.013,0.017,0.396,0.487,0.020,0.719,0.175,0.458,0.068,0.541,0.020,0.249,0.270,0.331,0.187,0.020,0.203,1.000,0.463,0.322,0.429,0.547,0.469,0.502,0.077,0.139,0.635,0.330,0.343,0.277,0.229,0.509,0.296,0.156,0.534,0.356,0.490,0.580,0.600,0.162,0.391,0.021,0.302,0.433,0.214,0.225,0.341,0.447,0.552,0.145,0.667,0.000,0.399,0.116,0.286,0.262,0.278,0.346,0.623,0.203,0.489,0.531,0.153,0.378,0.209,0.353,0.258,0.189,0.000,0.000
701,0.546,0.630,0.290,0.152,0.526,0.112,0.202,0.397,0.421,0.124,0.504,0.216,0.321,0.181,0.391,0.134,0.157,0.167,0.242,0.247,0.143,0.272,0.463,1.000,0.239,0.301,0.379,0.321,0.367,0.195,0.097,0.453,0.225,0.204,0.217,0.173,0.348,0.287,0.220,0.471,0.270,0.391,0.375,0.587,0.118,0.228,0.132,0.314,0.346,0.183,0.158,0.380,0.289,0.382,0.266,0.398,0.000,0.432,0.172,0.084,0.337,0.191,0.262,0.441,0.237,0.306,0.547,0.238,0.242,0.298,0.345,0.301,0.246,0.000,0.000
703,0.409,0.326,0.157,0.084,0.255,0.060,0.081,0.204,0.236,0.091,0.403,0.089,0.361,0.097,0.285,0.092,0.534,0.757,0.789,0.147,0.085,0.167,0.322,0.239,1.000,0.352,0.264,0.534,0.329,0.113,0.357,0.317,0.513,0.393,0.649,0.665,0.353,0.177,0.109,0.281,0.337,0.269,0.294,0.254,0.609,0.170,0.075,0.174,0.328,0.144,0.559,0.176,0.303,0.234,0.114,0.307,0.000,0.222,0.095,0.117,0.162,0.775,0.438,0.514,0.148,0.220,0.243,0.137,0.525,0.184,0.209,0.152,0.131,0.000,0.000
743,0.579,0.435,0.281,0.114,0.356,0.070,0.136,0.304,0.384,0.101,0.586,0.213,0.614,0.198,0.361,0.100,0.295,0.334,0.388,0.247,0.122,0.314,0.429,0.301,0.352,1.000,0.378,0.526,0.559,0.211,0.173,0.445,0.366,0.462,0.318,0.274,0.579,0.279,0.208,0.399,0.529,0.360,0.370,0.382,0.206,0.323,0.139,0.275,0.589,0.245,0.275,0.296,0.411,0.375,0.173,0.423,0.000,0.307,0.176,0.178,0.282,0.330,0.462,0.735,0.224,0.282,0.322,0.229,0.363,0.297,0.321,0.252,0.223,0.000,0.000
794,0.626,0.601,0.394,0.233,0.401,0.116,0.235,0.411,0.494,0.198,0.597,0.233,0.383,0.243,0.504,0.217,0.208,0.208,0.260,0.336,0.235,0.420,0.547,0.379,0.264,0.378,1.000,0.326,0.381,0.331,0.111,0.464,0.241,0.301,0.226,0.177,0.405,0.335,0.303,0.510,0.349,0.570,0.472,0.442,0.132,0.349,0.215,0.373,0.410,0.358,0.194,0.404,0.313,0.512,0.323,0.495,0.000,0.343,0.254,0.294,0.374,0.215,0.297,0.501,0.390,0.392,0.423,0.264,0.315,0.416,0.391,0.390,0.438,0.000,0.000
831,0.584,0.453,0.247,0.129,0.321,0.093,0.121,0.324,0.307,0.127,0.562,0.173,0.536,0.150,0.418,0.133,0.443,0.479,0.553,0.236,0.122,0.247,0.469,0.321,0.534,0.526,0.326,1.000,0.488,0.151,0.242,0.467,0.533,0.598,0.466,0.369,0.519,0.249,0.175,0.421,0.503,0.376,0.401,0.375,0.270,0.238,0.116,0.241,0.473,0.234,0.408,0.289,0.404,0.342,0.183,0.460,0.000,0.297,0.160,0.197,0.256,0.469,0.701,0.756,0.189,0.315,0.336,0.207,0.491,0.265,0.275,0.217,0.185,0.000,0.000
908,0.624,0.476,0.291,0.103,0.332,0.104,0.123,0.345,0.378,0.147,0.644,0.215,0.555,0.176,0.412,0.123,0.260,0.288,0.359,0.210,0.106,0.265,0.502,0.367,0.329,0.559,0.381,0.488,1.000,0.176,0.155,0.485,0.334,0.387,0.304,0.254,0.551,0.312,0.211,0.419,0.438,0.410,0.391,0.395,0.170,0.255,0.113,0.301,0.502,0.211,0.220,0.295,0.441,0.408,0.190,0.506,0.000,0.293,0.217,0.181,0.279,0.287,0.443,0.675,0.212,0.312,0.330,0.211,0.367,0.260,0.347,0.274,0.180,0.000,0.000
924,0.243,0.296,0.688,0.506,0.130,0.183,0.636,0.288,0.337,0.449,0.240,0.315,0.085,0.646,0.238,0.490,0.095,0.113,0.102,0.492,0.513,0.608,0.077,0.195,0.113,0.211,0.331,0.151,0.176,1.000,0.045,0.229,0.125,0.116,0.115,0.053,0.134,0.302,0.476,0.324,0.212,0.394,0.149,0.122,0.095,0.231,0.379,0.268,0.274,0.446,0.105,0.306,0.154,0.197,0.454,0.150,0.000,0.407,0.168,0.040,0.279,0.083,0.227,0.207,0.314,0.058,0.115,0.353,0.149,0.474,0.279,0.186,0.545,0.000,0.000
942,0.178,0.135,0.068,0.027,0.103,0.026,0.037,0.094,0.099,0.028,0.175,0.048,0.174,0.046,0.115,0.028,0.234,0.384,0.352,0.063,0.029,0.077,0.139,0.097,0.357,0.173,0.111,0.242,0.155,0.045,1.000,0.144,0.234,0.188,0.338,0.386,0.164,0.071,0.047,0.118,0.169,0.111,0.120,0.110,0.331,0.068,0.023,0.073,0.150,0.065,0.261,0.078,0.131,0.102,0.059,0.127,0.000,0.087,0.054,0.058,0.076,0.407,0.203,0.243,0.058,0.101,0.098,0.057,0.243,0.079,0.084,0.070,0.061,0.000,0.000
948,0.750,0.581,0.333,0.191,0.456,0.185,0.179,0.454,0.407,0.182,0.714,0.258,0.473,0.229,0.446,0.208,0.248,0.281,0.332,0.283,0.184,0.348,0.635,0.453,0.317,0.445,0.464,0.467,0.485,0.229,0.144,1.000,0.284,0.326,0.275,0.245,0.506,0.343,0.218,0.522,0.362,0.513,0.517,0.524,0.173,0.319,0.173,0.320,0.470,0.286,0.230,0.377,0.459,0.469,0.240,0.583,0.000,0.355,0.224,0.244,0.303,0.267,0.352,0.625,0.270,0.444,0.440,0.307,0.355,0.363,0.352,0.318,0.229,0.000,0.000
1042,0.402,0.315,0.148,0.040,0.225,0.018,0.078,0.200,0.257,0.049,0.386,0.065,0.324,0.063,0.278,0.029,0.520,0.451,0.526,0.130,0.041,0.163,0.330,0.225,0.513,0.366,0.241,0.533,0.334,0.125,0.234,0.284,1.000,0.366,0.463,0.416,0.338,0.195,0.132,0.274,0.332,0.250,0.240,0.258,0.271,0.189,0.040,0.213,0.288,0.158,0.380,0.152,0.293,0.286,0.129,0.306,0.000,0.202,0.109,0.118,0.162,0.472,0.424,0.492,0.150,0.226,0.251,0.100,0.513,0.176,0.179,0.155,0.112,0.000,0.000
1043,0.441,0.339,0.177,0.084,0.238,0.074,0.072,0.244,0.243,0.094,0.445,0.121,0.434,0.098,0.294,0.051,0.360,0.359,0.398,0.156,0.091,0.150,0.343,0.204,0.393,0.462,0.301,0.598,0.387,0.116,0.188,0.326,0.366,1.000,0.353,0.282,0.439,0.157,0.143,0.279,0.454,0.274,0.308,0.258,0.181,0.177,0.100,0.206,0.393,0.180,0.297,0.185,0.319,0.238,0.132,0.340,0.000,0.210,0.105,0.132,0.184,0.344,0.547,0.660,0.204,0.180,0.234,0.133,0.365,0.202,0.201,0.189,0.097,0.000,0.000
1060,0.359,0.300,0.170,0.088,0.213,0.057,0.097,0.190,0.221,0.069,0.345,0.107,0.300,0.112,0.273,0.072,0.488,0.692,0.661,0.154,0.082,0.190,0.277,0.217,0.649,0.318,0.226,0.466,0.304,0.115,0.338,0.275,0.463,0.353,1.000,0.633,0.305,0.160,0.109,0.263,0.305,0.249,0.241,0.257,0.557,0.164,0.081,0.188,0.287,0.162,0.512,0.190,0.246,0.215,0.131,0.263,0.000,0.202,0.113,0.109,0.164,0.739,0.396,0.441,0.142,0.179,0.223,0.141,0.512,0.179,0.204,0.145,0.136,0.000,0.000
1088,0.295,0.222,0.091,0.037,0.186,0.016,0.047,0.134,0.148,0.019,0.291,0.063,0.281,0.044,0.194,0.027,0.472,0.712,0.678,0.094,0.027,0.119,0.229,0.173,0.665,0.274,0.177,0.369,0.254,0.053,0.386,0.245,0.416,0.282,0.633,1.000,0.250,0.102,0.072,0.197,0.226,0.173,0.190,0.192,0.597,0.109,0.032,0.138,0.238,0.103,0.528,0.135,0.200,0.178,0.082,0.218,0.000,0.140,0.052,0.101,0.108,0.736,0.303,0.375,0.079,0.172,0.173,0.091,0.468,0.115,0.126,0.108,0.071,0.000,0.000
1101,0.666,0.446,0.160,0.117,0.289,0.066,0.102,0.228,0.274,0.088,0.681,0.137,0.620,0.115,0.414,0.085,0.267,0.311,0.359,0.174,0.116,0.220,0.509,0.348,0.353,0.579,0.405,0.519,0.551,0.134,0.164,0.506,0.338,0.439,0.305,0.250,1.000,0.159,0.098,0.450,0.462,0.383,0.483,0.421,0.174,0.152,0.085,0.188,0.506,0.148,0.270,0.230,0.483,0.381,0.077,0.515,0.000,0.227,0.119,0.243,0.154,0.314,0.428,0.709,0.149,0.348,0.337,0.121,0.379,0.220,0.264,0.178,0.119,0.000,0.000
1119,0.390,0.475,0.485,0.184,0.481,0.288,0.220,0.518,0.511,0.366,0.374,0.129,0.217,0.255,0.370,0.252,0.172,0.138,0.169,0.433,0.259,0.450,0.296,0.287,0.177,0.279,0.335,0.249,0.312,0.302,0.071,0.343,0.195,0.157,0.160,0.102,0.159,1.000,0.374,0.322,0.298,0.417,0.279,0.296,0.125,0.402,0.282,0.348,0.300,0.416,0.126,0.335,0.200,0.337,0.260,0.203,0.000,0.402,0.220,0.064,0.483,0.135,0.232,0.324,0.394,0.130,0.300,0.453,0.205,0.505,0.410,0.408,0.257,0.000,0.000
1125,0.272,0.336,0.643,0.423,0.203,0.171,0.376,0.379,0.346,0.398,0.256,0.331,0.152,0.395,0.234,0.339,0.096,0.102,0.108,0.561,0.385,0.493,0.156,0.220,0.109,0.208,0.303,0.175,0.211,0.476,0.047,0.218,0.132,0.143,0.109,0.072,0.098,0.374,1.000,0.262,0.201,0.360,0.190,0.112,0.091,0.349,0.415,0.377,0.229,0.257,0.081,0.236,0.170,0.249,0.379,0.127,0.000,0.356,0.242,0.043,0.301,0.090,0.235,0.222,0.303,0.118,0.207,0.447,0.159,0.503,0.275,0.439,0.390,0.000,0.000
1151,0.679,0.644,0.389,0.232,0.434,0.189,0.275,0.410,0.416,0.282,0.617,0.196,0.381,0.267,0.504,0.256,0.226,0.239,0.276,0.290,0.269,0.392,0.534,0.471,0.281,0.399,0.510,0.421,0.419,0.324,0.118,0.522,0.274,0.279,0.263,0.197,0.450,0.322,0.262,1.000,0.352,0.553,0.451,0.476,0.138,0.254,0.221,0.300,0.445,0.249,0.222,0.378,0.403,0.441,0.249,0.588,0.000,0.389,0.225,0.300,0.319,0.226,0.353,0.549,0.322,0.376,0.427,0.233,0.350,0.373,0.381,0.325,0.336,0.000,0.000
1181,0.480,0.444,0.280,0.141,0.322,0.199,0.166,0.350,0.360,0.145,0.473,0.184,0.505,0.236,0.380,0.129,0.287,0.303,0.358,0.298,0.171,0.320,0.356,0.270,0.337,0.529,0.349,0.503,0.438,0.212,0.169,0.362,0.332,0.454,0.305,0.226,0.462,0.298,0.201,0.352,1.000,0.370,0.373,0.306,0.177,0.279,0.155,0.226,0.462,0.270,0.256,0.214,0.320,0.252,0.248,0.308,0.000,0.323,0.223,0.115,0.322,0.298,0.461,0.675,0.291,0.247,0.311,0.239,0.321,0.329,0.280,0.258,0.239,0.000,0.000
1206,0.639,0.713,0.506,0.304,0.476,0.170,0.327,0.481,0.475,0.249,0.586,0.308,0.351,0.326,0.581,0.286,0.220,0.223,0.277,0.415,0.257,0.528,0.490,0.391,0.269,0.360,0.570,0.376,0.410,0.394,0.111,0.513,0.250,0.274,0.249,0.173,0.383,0.417,0.360,0.553,0.370,1.000,0.458,0.447,0.135,0.313,0.254,0.411,0.424,0.457,0.189,0.386,0.374,0.498,0.329,0.443,0.000,0.411,0.259,0.104,0.374,0.224,0.313,0.517,0.344,0.311,0.526,0.331,0.312,0.523,0.457,0.371,0.371,0.000,0.000
1216,0.666,0.569,0.269,0.148,0.413,0.125,0.148,0.345,0.394,0.134,0.584,0.150,0.389,0.193,0.520,0.107,0.197,0.231,0.284,0.251,0.152,0.282,0.580,0.375,0.294,0.370,0.472,0.401,0.391,0.149,0.120,0.517,0.240,0.308,0.241,0.190,0.483,0.279,0.190,0.451,0.373,0.458,1.000,0.402,0.136,0.241,0.139,0.289,0.364,0.275,0.231,0.381,0.389,0.385,0.229,0.574,0.000,0.360,0.148,0.318,0.331,0.236,0.292,0.538,0.242,0.413,0.443,0.220,0.297,0.361,0.302,0.255,0.183,0.000,0.000
1227,0.622,0.645,0.163,0.068,0.525,0.058,0.130,0.293,0.467,0.011,0.600,0.102,0.413,0.136,0.517,0.022,0.193,0.187,0.264,0.140,0.060,0.216,0.600,0.587,0.254,0.382,0.442,0.375,0.395,0.122,0.110,0.524,0.258,0.258,0.257,0.192,0.421,0.296,0.112,0.476,0.306,0.447,0.402,1.000,0.129,0.327,0.051,0.304,0.389,0.248,0.175,0.409,0.279,0.512,0.145,0.501,0.000,0.350,0.179,0.094,0.212,0.215,0.247,0.498,0.131,0.351,0.589,0.158,0.284,0.213,0.356,0.158,0.146,0.000,0.000
1239,0.222,0.163,0.121,0.053,0.131,0.042,0.063,0.149,0.148,0.071,0.213,0.069,0.197,0.081,0.134,0.056,0.278,0.723,0.594,0.095,0.064,0.113,0.162,0.118,0.609,0.206,0.132,0.270,0.170,0.095,0.331,0.173,0.271,0.181,0.557,0.597,0.174,0.125,0.091,0.138,0.177,0.135,0.136,0.129,1.000,0.111,0.063,0.120,0.190,0.106,0.428,0.113,0.178,0.141,0.069,0.149,0.000,0.128,0.071,0.067,0.107,0.724,0.220,0.266,0.087,0.123,0.120,0.090,0.317,0.134,0.124,0.098,0.073,0.000,0.000
1279,0.410,0.465,0.420,0.217,0.431,0.177,0.152,0.545,0.535,0.274,0.339,0.428,0.221,0.327,0.375,0.295,0.168,0.152,0.177,0.343,0.228,0.340,0.391,0.228,0.170,0.323,0.349,0.238,0.255,0.231,0.068,0.319,0.189,0.177,0.164,0.109,0.152,0.402,0.349,0.254,0.279,0.313,0.241,0.327,0.111,1.000,0.267,0.485,0.290,0.363,0.137,0.256,0.195,0.328,0.276,0.220,0.000,0.385,0.193,0.059,0.401,0.131,0.212,0.329,0.345,0.206,0.439,0.331,0.217,0.400,0.388,0.462,0.315,0.000,0.000
1302,0.145,0.192,0.541,0.684,0.267,0.638,0.465,0.329,0.243,0.723,0.132,0.219,0.073,0.537,0.225,0.521,0.085,0.064,0.070,0.302,0.867,0.243,0.021,0.132,0.075,0.139,0.215,0.116,0.113,0.379,0.023,0.173,0.040,0.100,0.081,0.032,0.085,0.282,0.415,0.221,0.155,0.254,0.139,0.051,0.063,0.267,1.000,0.262,0.143,0.361,0.052,0.294,0.081,0.095,0.381,0.114,0.000,0.117,0.185,0.029,0.149,0.050,0.158,0.136,0.298,0.097,0.160,0.457,0.086,0.330,0.259,0.262,0.206,0.000,0.000
1306,0.419,0.465,0.451,0.287,0.486,0.044,0.253,0.581,0.513,0.224,0.369,0.212,0.190,0.213,0.353,0.199,0.149,0.139,0.176,0.349,0.241,0.439,0.302,0.314,0.174,0.275,0.373,0.241,0.301,0.268,0.073,0.320,0.213,0.206,0.188,0.138,0.188,0.348,0.377,0.300,0.226,0.411,0.289,0.304,0.120,0.485,0.262,1.000,0.303,0.428,0.140,0.324,0.216,0.339,0.291,0.287,0.000,0.482,0.328,0.065,0.373,0.149,0.226,0.336,0.325,0.155,0.406,0.339,0.205,0.459,0.437,0.407,0.371,0.000,0.000
1328,0.571,0.509,0.358,0.206,0.374,0.113,0.217,0.387,0.387,0.207,0.563,0.267,0.539,0.245,0.394,0.251,0.278,0.305,0.343,0.335,0.184,0.345,0.433,0.346,0.328,0.589,0.410,0.473,0.502,0.274,0.150,0.470,0.288,0.393,0.287,0.238,0.506,0.300,0.229,0.445,0.462,0.424,0.364,0.389,0.190,0.290,0.143,0.303,1.000,0.295,0.260,0.313,0.420,0.384,0.247,0.379,0.000,0.318,0.180,0.156,0.334,0.273,0.440,0.659,0.330,0.282,0.357,0.285,0.357,0.334,0.349,0.281,0.306,0.000,0.000
1336,0.354,0.395,0.518,0.328,0.305,0.207,0.404,0.447,0.445,0.245,0.298,0.262,0.161,0.367,0.350,0.209,0.146,0.144,0.146,0.456,0.320,0.581,0.214,0.183,0.144,0.245,0.358,0.234,0.211,0.446,0.065,0.286,0.158,0.180,0.162,0.103,0.148,0.416,0.257,0.249,0.270,0.457,0.275,0.248,0.106,0.363,0.361,0.428,0.295,1.000,0.139,0.370,0.218,0.268,0.492,0.168,0.000,0.359,0.323,0.054,0.456,0.117,0.195,0.285,0.443,0.162,0.245,0.413,0.184,0.535,0.331,0.425,0.399,0.000,0.000
1346,0.298,0.212,0.131,0.071,0.170,0.030,0.068,0.172,0.158,0.072,0.278,0.078,0.264,0.094,0.189,0.100,0.443,0.567,0.607,0.101,0.059,0.155,0.225,0.158,0.559,0.275,0.194,0.408,0.220,0.105,0.261,0.230,0.380,0.297,0.512,0.528,0.270,0.126,0.081,0.222,0.256,0.189,0.231,0.175,0.428,0.137,0.052,0.140,0.260,0.139,1.000,0.140,0.214,0.191,0.084,0.242,0.000,0.166,0.097,0.145,0.126,0.557,0.364,0.400,0.100,0.179,0.166,0.102,0.447,0.150,0.166,0.112,0.103,0.000,0.000
1363,0.444,0.499,0.411,0.300,0.386,0.145,0.311,0.408,0.404,0.284,0.402,0.259,0.258,0.281,0.413,0.304,0.176,0.152,0.200,0.292,0.313,0.351,0.341,0.380,0.176,0.296,0.404,0.289,0.295,0.306,0.078,0.377,0.152,0.185,0.190,0.135,0.230,0.335,0.236,0.378,0.214,0.386,0.381,0.409,0.113,0.256,0.294,0.324,0.313,0.370,0.140,1.000,0.149,0.378,0.291,0.319,0.000,0.279,0.197,0.070,0.362,0.162,0.222,0.356,0.257,0.354,0.351,0.230,0.216,0.409,0.319,0.319,0.366,0.000,0.000
1372,0.623,0.398,0.209,0.158,0.272,0.056,0.192,0.254,0.217,0.100,0.613,0.137,0.495,0.123,0.344,0.120,0.215,0.245,0.285,0.154,0.106,0.243,0.447,0.289,0.303,0.411,0.313,0.404,0.441,0.154,0.131,0.459,0.293,0.319,0.246,0.200,0.483,0.200,0.170,0.403,0.320,0.374,0.389,0.279,0.178,0.195,0.081,0.216,0.420,0.218,0.214,0.149,1.000,0.332,0.141,0.490,0.000,0.271,0.090,0.178,0.218,0.218,0.320,0.557,0.190,0.349,0.241,0.125,0.310,0.253,0.236,0.207,0.156,0.000,0.000
1408,0.590,0.586,0.273,0.087,0.426,0.086,0.134,0.376,0.450,0.100,0.565,0.187,0.363,0.162,0.468,0.121,0.217,0.205,0.255,0.241,0.117,0.313,0.552,0.382,0.234,0.375,0.512,0.342,0.408,0.197,0.102,0.469,0.286,0.238,0.215,0.178,0.381,0.337,0.249,0.441,0.252,0.498,0.385,0.512,0.141,0.328,0.095,0.339,0.384,0.268,0.191,0.378,0.332,1.000,0.167,0.470,0.000,0.287,0.238,0.275,0.310,0.207,0.250,0.478,0.238,0.427,0.385,0.250,0.329,0.361,0.358,0.291,0.210,0.000,0.000
1417,0.260,0.330,0.687,0.400,0.183,0.338,0.512,0.420,0.411,0.300,0.235,0.446,0.109,0.567,0.367,0.300,0.107,0.115,0.111,0.494,0.429,0.529,0.145,0.266,0.114,0.173,0.323,0.183,0.190,0.454,0.059,0.240,0.129,0.132,0.131,0.082,0.077,0.260,0.379,0.249,0.248,0.329,0.229,0.145,0.069,0.276,0.381,0.291,0.247,0.492,0.084,0.291,0.141,0.167,1.000,0.093,0.000,0.360,0.353,0.042,0.417,0.095,0.229,0.223,0.425,0.125,0.186,0.508,0.160,0.457,0.273,0.428,0.583,0.000,0.000
1420,0.727,0.541,0.174,0.079,0.417,0.074,0.050,0.328,0.337,0.144,0.656,0.099,0.386,0.115,0.523,0.088,0.248,0.247,0.302,0.120,0.134,0.212,0.667,0.398,0.307,0.423,0.495,0.460,0.506,0.150,0.127,0.583,0.306,0.340,0.263,0.218,0.515,0.203,0.127,0.588,0.308,0.443,0.574,0.501,0.149,0.220,0.114,0.287,0.379,0.168,0.242,0.319,0.490,0.470,0.093,1.000,0.000,0.316,0.126,0.319,0.183,0.258,0.326,0.585,0.161,0.413,0.392,0.114,0.358,0.188,0.279,0.173,0.179,0.000,0.000
1457,0.000,0.000,0.000,0.000,0.000,0.000,0.000,0.000,0.000,0.000,0.000,0.000,0.000,0.000,0.000,0.000,0.000,0.000,0.000,0.000,0.000,0.000,0.000,0.000,0.000,0.000,0.000,0.000,0.000,0.000,0.000,0.000,0.000,0.000,0.000,0.000,0.000,0.000,0.000,0.000,0.000,0.000,0.000,0.000,0.000,0.000,0.000,0.000,0.000,0.000,0.000,0.000,0.000,0.000,0.000,0.000,0.000,0.000,0.000,0.000,0.000,0.000,0.000,0.000,0.000,0.000,0.000,0.000,0.000,0.000,0.000,0.000,0.000,0.000,0.000
1500,0.487,0.549,0.446,0.253,0.486,0.081,0.325,0.522,0.611,0.161,0.449,0.261,0.291,0.277,0.474,0.197,0.161,0.180,0.213,0.467,0.206,0.494,0.399,0.432,0.222,0.307,0.343,0.297,0.293,0.407,0.087,0.355,0.202,0.210,0.202,0.140,0.227,0.402,0.356,0.389,0.323,0.411,0.360,0.350,0.128,0.385,0.117,0.482,0.318,0.359,0.166,0.279,0.271,0.287,0.360,0.316,0.000,1.000,0.178,0.075,0.377,0.176,0.225,0.397,0.319,0.154,0.413,0.297,0.262,0.510,0.584,0.383,0.460,0.000,0.000
1535,0.247,0.236,0.445,0.170,0.171,0.288,0.167,0.350,0.269,0.181,0.234,0.261,0.118,0.260,0.251,0.188,0.099,0.087,0.090,0.253,0.176,0.445,0.116,0.172,0.095,0.176,0.254,0.160,0.217,0.168,0.054,0.224,0.109,0.105,0.113,0.052,0.119,0.220,0.242,0.225,0.223,0.259,0.148,0.179,0.071,0.193,0.185,0.328,0.180,0.323,0.097,0.197,0.090,0.238,0.353,0.126,0.000,0.178,1.000,0.034,0.261,0.078,0.164,0.201,0.278,0.119,0.106,0.366,0.095,0.426,0.337,0.429,0.360,0.000,0.000
1560,0.311,0.119,0.058,0.029,0.092,0.025,0.033,0.080,0.085,0.029,0.293,0.039,0.158,0.037,0.251,0.030,0.103,0.123,0.119,0.053,0.030,0.064,0.286,0.084,0.117,0.178,0.294,0.197,0.181,0.040,0.058,0.244,0.118,0.132,0.109,0.101,0.243,0.064,0.043,0.300,0.115,0.104,0.318,0.094,0.067,0.059,0.029,0.065,0.156,0.054,0.145,0.070,0.178,0.275,0.042,0.319,0.000,0.075,0.034,1.000,0.063,0.093,0.165,0.247,0.056,0.196,0.090,0.050,0.171,0.069,0.075,0.056,0.041,0.000,0.000
1568,0.387,0.491,0.420,0.253,0.357,0.134,0.296,0.609,0.508,0.153,0.317,0.390,0.227,0.239,0.341,0.204,0.158,0.149,0.173,0.402,0.200,0.521,0.262,0.337,0.162,0.282,0.374,0.256,0.279,0.279,0.076,0.303,0.162,0.184,0.164,0.108,0.154,0.483,0.301,0.319,0.322,0.374,0.331,0.212,0.107,0.401,0.149,0.373,0.334,0.456,0.126,0.362,0.218,0.310,0.417,0.183,0.000,0.377,0.261,0.063,1.000,0.128,0.214,0.319,0.545,0.200,0.301,0.347,0.232,0.593,0.428,0.518,0.489,0.000,0.000
1574,0.332,0.264,0.126,0.058,0.200,0.041,0.062,0.168,0.196,0.057,0.333,0.083,0.313,0.080,0.236,0.058,0.512,0.843,0.771,0.117,0.060,0.140,0.278,0.191,0.775,0.330,0.215,0.469,0.287,0.083,0.407,0.267,0.472,0.344,0.739,0.736,0.314,0.135,0.090,0.226,0.298,0.224,0.236,0.215,0.724,0.131,0.050,0.149,0.273,0.117,0.557,0.162,0.218,0.207,0.095,0.258,0.000,0.176,0.078,0.093,0.128,1.000,0.400,0.449,0.118,0.176,0.204,0.096,0.500,0.144,0.163,0.124,0.100,0.000,0.000
1584,0.464,0.339,0.305,0.173,0.241,0.133,0.183,0.276,0.289,0.152,0.455,0.202,0.460,0.217,0.324,0.167,0.401,0.404,0.469,0.269,0.157,0.279,0.346,0.262,0.438,0.462,0.297,0.701,0.443,0.227,0.203,0.352,0.424,0.547,0.396,0.303,0.428,0.232,0.235,0.353,0.461,0.313,0.292,0.247,0.220,0.212,0.158,0.226,0.440,0.195,0.364,0.222,0.320,0.250,0.229,0.326,0.000,0.225,0.164,0.165,0.214,0.400,1.000,0.665,0.231,0.222,0.243,0.259,0.409,0.266,0.258,0.208,0.201,0.000,0.000
1640,0.795,0.617,0.310,0.149,0.469,0.117,0.166,0.410,0.452,0.144,0.780,0.209,0.733,0.197,0.533,0.147,0.420,0.464,0.536,0.284,0.150,0.337,0.623,0.441,0.514,0.735,0.501,0.756,0.675,0.207,0.243,0.625,0.492,0.660,0.441,0.375,0.709,0.324,0.222,0.549,0.675,0.517,0.538,0.498,0.266,0.329,0.136,0.336,0.659,0.285,0.400,0.356,0.557,0.478,0.223,0.585,0.000,0.397,0.201,0.247,0.319,0.449,0.665,1.000,0.276,0.435,0.473,0.254,0.514,0.353,0.390,0.293,0.239,0.000,0.000
1728,0.331,0.381,0.514,0.212,0.313,0.280,0.195,0.505,0.484,0.369,0.277,0.324,0.215,0.318,0.346,0.252,0.141,0.121,0.146,0.495,0.343,0.463,0.203,0.237,0.148,0.224,0.390,0.189,0.212,0.314,0.058,0.270,0.150,0.204,0.142,0.079,0.149,0.394,0.303,0.322,0.291,0.344,0.242,0.131,0.087,0.345,0.298,0.325,0.330,0.443,0.100,0.257,0.190,0.238,0.425,0.161,0.000,0.319,0.278,0.056,0.545,0.118,0.231,0.276,1.000,0.170,0.270,0.535,0.193,0.527,0.395,0.577,0.407,0.000,0.000
1750,0.541,0.423,0.168,0.086,0.299,0.034,0.054,0.212,0.229,0.106,0.501,0.161,0.331,0.105,0.347,0.141,0.162,0.177,0.233,0.146,0.091,0.194,0.489,0.306,0.220,0.282,0.392,0.315,0.312,0.058,0.101,0.444,0.226,0.180,0.179,0.172,0.348,0.130,0.118,0.376,0.247,0.311,0.413,0.351,0.123,0.206,0.097,0.155,0.282,0.162,0.179,0.354,0.349,0.427,0.125,0.413,0.000,0.154,0.119,0.196,0.200,0.176,0.222,0.435,0.170,1.000,0.351,0.181,0.282,0.210,0.234,0.192,0.122,0.000,0.000
1785,0.585,0.692,0.256,0.116,0.641,0.088,0.090,0.479,0.533,0.138,0.549,0.179,0.316,0.176,0.444,0.097,0.209,0.194,0.257,0.251,0.153,0.299,0.531,0.547,0.243,0.322,0.423,0.336,0.330,0.115,0.098,0.440,0.251,0.234,0.223,0.173,0.337,0.300,0.207,0.427,0.311,0.526,0.443,0.589,0.120,0.439,0.160,0.406,0.357,0.245,0.166,0.351,0.241,0.385,0.186,0.392,0.000,0.413,0.106,0.090,0.301,0.204,0.243,0.473,0.270,0.351,1.000,0.242,0.274,0.312,0.433,0.273,0.159,0.000,0.000
1817,0.303,0.342,0.661,0.328,0.330,0.459,0.270,0.386,0.391,0.409,0.250,0.404,0.171,0.476,0.376,0.409,0.097,0.115,0.142,0.620,0.391,0.514,0.153,0.238,0.137,0.229,0.264,0.207,0.211,0.353,0.057,0.307,0.100,0.133,0.141,0.091,0.121,0.453,0.447,0.233,0.239,0.331,0.220,0.158,0.090,0.331,0.457,0.339,0.285,0.413,0.102,0.230,0.125,0.250,0.508,0.114,0.000,0.297,0.366,0.050,0.347,0.096,0.259,0.254,0.535,0.181,0.242,1.000,0.152,0.550,0.379,0.421,0.386,0.000,0.000
1833,0.476,0.380,0.196,0.100,0.287,0.099,0.124,0.265,0.279,0.101,0.459,0.120,0.381,0.145,0.334,0.103,0.582,0.490,0.587,0.196,0.104,0.241,0.378,0.242,0.525,0.363,0.315,0.491,0.367,0.149,0.243,0.355,0.513,0.365,0.512,0.468,0.379,0.205,0.159,0.350,0.321,0.312,0.297,0.284,0.317,0.217,0.086,0.205,0.357,0.184,0.447,0.216,0.310,0.329,0.160,0.358,0.000,0.262,0.095,0.171,0.232,0.500,0.409,0.514,0.193,0.282,0.274,0.152,1.000,0.221,0.279,0.199,0.167,0.000,0.000
1843,0.426,0.503,0.658,0.393,0.353,0.258,0.473,0.590,0.528,0.291,0.364,0.426,0.226,0.442,0.409,0.365,0.185,0.172,0.198,0.640,0.381,0.742,0.209,0.298,0.184,0.297,0.416,0.265,0.260,0.474,0.079,0.363,0.176,0.202,0.179,0.115,0.220,0.505,0.503,0.373,0.329,0.523,0.361,0.213,0.134,0.400,0.330,0.459,0.334,0.535,0.150,0.409,0.253,0.361,0.457,0.188,0.000,0.510,0.426,0.069,0.593,0.144,0.266,0.353,0.527,0.210,0.312,0.550,0.221,1.000,0.458,0.594,0.543,0.000,0.000
1877,0.472,0.552,0.461,0.253,0.507,0.226,0.184,0.565,0.597,0.353,0.449,0.318,0.276,0.249,0.386,0.308,0.185,0.168,0.214,0.418,0.264,0.482,0.353,0.345,0.209,0.321,0.391,0.275,0.347,0.279,0.084,0.352,0.179,0.201,0.204,0.126,0.264,0.410,0.275,0.381,0.280,0.457,0.302,0.356,0.124,0.388,0.259,0.437,0.349,0.331,0.166,0.319,0.236,0.358,0.273,0.279,0.000,0.584,0.337,0.075,0.428,0.163,0.258,0.390,0.395,0.234,0.433,0.379,0.279,0.458,1.000,0.377,0.338,0.000,0.000
2038,0.353,0.446,0.570,0.187,0.268,0.242,0.158,0.545,0.415,0.323,0.307,0.542,0.224,0.246,0.357,0.270,0.163,0.126,0.157,0.487,0.223,0.522,0.258,0.301,0.152,0.252,0.390,0.217,0.274,0.186,0.070,0.318,0.155,0.189,0.145,0.108,0.178,0.408,0.439,0.325,0.258,0.371,0.255,0.158,0.098,0.462,0.262,0.407,0.281,0.425,0.112,0.319,0.207,0.291,0.428,0.173,0.000,0.383,0.429,0.056,0.518,0.124,0.208,0.293,0.577,0.192,0.273,0.421,0.199,0.594,0.377,1.000,0.446,0.000,0.000
2067,0.284,0.370,0.613,0.346,0.144,0.099,0.408,0.388,0.377,0.282,0.259,0.423,0.135,0.476,0.306,0.365,0.119,0.127,0.125,0.508,0.351,0.572,0.189,0.246,0.131,0.223,0.438,0.185,0.180,0.545,0.061,0.229,0.112,0.097,0.136,0.071,0.119,0.257,0.390,0.336,0.239,0.371,0.183,0.146,0.073,0.315,0.206,0.371,0.306,0.399,0.103,0.366,0.156,0.210,0.583,0.179,0.000,0.460,0.360,0.041,0.489,0.100,0.201,0.239,0.407,0.122,0.159,0.386,0.167,0.543,0.338,0.446,1.000,0.000,0.000
2144,0.000,0.000,0.000,0.000,0.000,0.000,0.000,0.000,0.000,0.000,0.000,0.000,0.000,0.000,0.000,0.000,0.000,0.000,0.000,0.000,0.000,0.000,0.000,0.000,0.000,0.000,0.000,0.000,0.000,0.000,0.000,0.000,0.000,0.000,0.000,0.000,0.000,0.000,0.000,0.000,0.000,0.000,0.000,0.000,0.000,0.000,0.000,0.000,0.000,0.000,0.000,0.000,0.000,0.000,0.000,0.000,0.000,0.000,0.000,0.000,0.000,0.000,0.000,0.000,0.000,0.000,0.000,0.000,0.000,0.000,0.000,0.000,0.000,0.000,0.000
2147,0.000,0.000,0.000,0.000,0.000,0.000,0.000,0.000,0.000,0.000,0.000,0.000,0.000,0.000,0.000,0.000,0.000,0.000,0.000,0.000,0.000,0.000,0.000,0.000,0.000,0.000,0.000,0.000,0.000,0.000,0.000,0.000,0.000,0.000,0.000,0.000,0.000,0.000,0.000,0.000,0.000,0.000,0.000,0.000,0.000,0.000,0.000,0.000,0.000,0.000,0.000,0.000,0.000,0.000,0.000,0.000,0.000,0.000,0.000,0.000,0.000,0.000,0.000,0.000,0.000,0.000,0.000,0.000,0.000,0.000,0.000,0.000,0.000,0.000,0.000
